227,244,230,244,231,243,231,226,247,226,247,268,248,269,251,269,251,275,252,276,254,276,254,282,255,283,258,283,258,293,252,293,251,294,251,296,248,296,247,297,247,300,241,300,241,297,240,296,238,296,238,287,237,286,234,286,234,276,233,275,231,275,231,258,230,257,227,257
231,212,233,212,234,211,234,201,237,201,238,201,238,194,240,194,241,194,241,187,251,187,251,190,252,191,261,191,261,201,259,201,258,201,258,208,255,208,254,209,254,215,252,215,251,216,251,222,248,222,247,223,247,225,241,225,241,223,240,222,231,222
269,272,286,272,286,275,287,276,321,276,321,406,308,406,307,407,307,410,287,410,286,411,286,413,269,413
269,145,272,145,273,144,273,95,317,95,317,98,318,99,321,99,321,264,273,264,273,262,272,261,269,261
304,70,317,70,318,69,318,67,321,67,321,91,308,91,308,88,307,87,304,87
332,308,335,308,336,307,336,269,338,269,339,268,339,262,342,262,343,261,343,258,345,258,346,257,346,248,345,247,343,247,343,230,345,230,346,229,346,226,349,226,350,225,350,223,363,223,363,247,364,248,366,248,366,321,364,321,363,322,363,325,332,325
581,379,587,379,588,378,588,375,590,375,590,388,591,389,594,389,594,410,595,411,597,411,597,417,584,417,584,407,583,406,581,406
584,421,597,421,597,434,598,435,601,435,601,456,588,456,588,432,587,431,584,431
588,457,601,457,601,463,602,464,604,464,604,488,595,488,595,485,594,484,591,484,591,481,594,481,595,481,595,478,594,477,591,477,591,460,590,459,588,459
595,382,597,382,598,381,598,379,604,379,604,381,605,382,608,382,608,403,609,403,611,403,611,427,612,428,615,428,615,452,616,453,618,453,618,473,609,473,609,457,608,456,605,456,605,428,604,427,602,427,602,407,601,406,598,406,598,389,597,388,595,388
605,170,618,170,619,169,619,166,622,166,622,169,623,170,625,170,625,194,626,194,629,194,629,211,630,212,632,212,632,215,626,215,625,216,625,218,623,218,623,216,622,215,619,215,618,216,618,218,616,218,616,216,615,215,612,215,612,198,611,197,609,197,609,180,608,179,605,179
612,400,618,400,618,417,619,418,622,418,622,438,623,439,625,439,625,449,616,449,616,428,615,427,612,427
616,219,618,219,619,218,619,216,622,216,622,218,623,219,625,219,626,218,626,216,632,216,632,225,633,226,636,226,636,243,637,244,639,244,639,282,640,283,643,283,643,296,637,296,636,297,636,300,626,300,626,287,625,286,623,286,623,258,622,257,619,257,619,230,618,229,616,229
682,170,688,170,689,169,689,166,699,166,699,183,700,184,702,184,702,197,703,198,706,198,706,211,707,212,709,212,709,233,710,233,713,233,713,243,714,244,716,244,716,261,717,262,720,262,720,279,721,279,723,279,723,293,707,293,707,283,706,282,703,282,703,265,702,264,700,264,700,248,699,247,696,247,696,233,695,233,693,233,693,216,692,215,689,215,689,198,688,197,686,197,686,184,685,183,682,183
