296,318,298,318,299,317,299,315,301,315,302,314,302,312,325,312,326,311,326,309,331,309,332,308,332,306,334,306,335,305,335,303,337,303,338,302,338,300,340,300,341,299,341,293,343,293,344,292,344,290,349,290,349,292,350,293,358,293,358,299,356,299,355,300,355,305,353,305,352,306,352,311,350,311,349,312,349,314,347,314,346,315,346,317,344,317,343,318,343,321,338,321,337,321,337,324,329,324,328,325,328,327,320,327,319,328,319,330,302,330,302,328,301,327,299,327,299,321,298,321,296,321
341,231,346,231,346,233,347,234,352,234,353,233,353,231,358,231,358,233,359,234,361,234,361,239,362,240,364,240,364,242,365,243,368,243,368,255,362,255,361,256,361,258,350,258,350,256,349,255,347,255,347,243,346,242,344,242,344,234,343,233,341,233
347,278,349,278,350,277,350,259,361,259,362,258,362,256,371,256,371,277,368,277,368,278,368,286,365,286,364,287,364,292,362,292,361,293,361,296,359,296,359,293,358,292,350,292,350,290,349,289,347,289
417,203,449,203,449,211,450,212,452,212,452,236,450,236,449,237,449,324,450,325,452,325,452,352,420,352,420,278,419,277,417,277
471,353,473,353,474,352,474,350,494,350,494,367,492,367,491,368,491,371,483,371,483,368,482,367,474,367,474,359,473,358,471,358
471,375,491,375,491,377,492,378,494,378,494,383,492,383,491,384,491,392,492,393,494,393,494,442,495,443,497,443,497,449,495,449,494,450,494,452,474,452,474,450,473,449,471,449
471,206,479,206,479,208,480,209,482,209,483,208,483,206,494,206,494,224,495,225,497,225,497,252,495,252,494,253,494,264,495,265,497,265,497,277,495,277,494,278,494,342,474,342,474,340,473,339,471,339
474,459,485,459,486,458,486,456,488,456,488,458,489,459,497,459,497,483,495,483,494,484,494,499,474,499
504,206,525,206,525,208,525,209,528,209,528,246,528,246,531,246,531,258,528,258,528,259,528,261,519,261,519,259,519,258,507,258,507,237,507,236,504,236
501,412,504,412,504,411,504,396,525,396,525,430,525,431,528,431,528,486,525,486,525,487,525,489,513,489,513,487,513,486,504,486,504,431,504,430,501,430
504,268,507,268,507,267,507,265,516,265,516,264,516,262,525,262,525,264,525,265,528,265,528,383,525,383,525,384,525,389,507,389,507,387,507,386,504,386
