112,1402,124,1402,128,1398,128,1386,334,1386,334,1398,338,1402,350,1402,350,1431,354,1435,366,1435,366,1480,370,1484,382,1484,382,1512,386,1517,398,1517,398,1561,402,1566,414,1566,414,1594,418,1598,430,1598,430,1627,435,1631,447,1631,447,1659,451,1663,463,1663,463,1692,467,1696,479,1696,479,1708,483,1712,495,1712,495,1757,499,1761,511,1761,511,1773,515,1778,527,1778,527,1806,531,1810,543,1810,543,1839,547,1843,559,1843,559,1871,563,1875,575,1875,575,1953,370,1953,370,1924,366,1920,354,1920,354,1892,350,1888,338,1888,338,1859,334,1855,322,1855,322,1827,318,1822,306,1822,306,1794,302,1790,290,1790,290,1761,285,1757,273,1757,273,1712,269,1708,257,1708,257,1680,253,1676,241,1676,241,1647,237,1643,225,1643,225,1598,221,1594,209,1594,209,1566,205,1561,193,1561,193,1533,189,1529,177,1529,177,1500,173,1496,161,1496,161,1484,157,1480,145,1480,145,1451,140,1447,128,1447,128,1419,124,1415,112,1415
370,1386,382,1386,382,1398,386,1402,414,1402,418,1398,418,1386,463,1386,463,1415,467,1419,479,1419,479,1464,483,1468,495,1468,495,1496,499,1500,511,1500,511,1529,515,1533,527,1533,527,1561,531,1566,543,1566,543,1610,547,1614,559,1614,559,1643,563,1647,575,1647,575,1676,580,1680,592,1680,592,1725,596,1729,608,1729,608,1757,612,1761,624,1761,624,1790,628,1794,640,1794,640,1822,644,1827,656,1827,656,1855,660,1859,672,1859,672,1904,676,1908,688,1908,688,1937,580,1937,580,1875,575,1871,563,1871,563,1843,559,1839,547,1839,547,1810,543,1806,531,1806,531,1778,527,1773,515,1773,515,1761,511,1757,499,1757,499,1712,495,1708,483,1708,483,1696,479,1692,467,1692,467,1663,463,1659,451,1659,451,1631,447,1627,435,1627,435,1598,430,1594,418,1594,418,1517,414,1512,402,1512,402,1468,398,1464,386,1464,386,1435,382,1431,370,1431
515,1190,543,1190,547,1186,547,1174,608,1174,612,1170,612,1158,624,1158,628,1154,628,1141,640,1141,640,1154,644,1158,656,1158,656,1186,660,1190,672,1190,672,1251,676,1256,688,1256,688,1284,692,1288,704,1288,704,1349,708,1353,720,1353,720,1382,725,1386,737,1386,737,1431,596,1431,596,1402,592,1398,580,1398,580,1337,575,1333,563,1333,563,1288,559,1284,547,1284,547,1256,543,1251,531,1251,531,1207,527,1203,515,1203
660,1076,753,1076,757,1072,757,1060,817,1060,821,1056,821,1044,898,1044,902,1039,902,1027,946,1027,946,1039,950,1044,962,1044,962,1072,966,1076,978,1076,978,1137,982,1141,994,1141,994,1170,998,1174,1010,1174,1010,1219,1015,1223,1027,1223,1027,1268,1031,1272,1043,1272,1043,1333,1047,1337,1059,1337,1059,1382,1063,1386,1075,1386,1075,1447,1079,1451,1091,1451,1091,1496,1095,1500,1107,1500,1107,1610,934,1610,930,1614,930,1627,870,1627,870,1598,865,1594,853,1594,853,1566,849,1561,837,1561,837,1533,833,1529,821,1529,821,1517,817,1512,805,1512,805,1484,801,1480,789,1480,789,1435,785,1431,773,1431,773,1386,769,1382,757,1382,757,1337,753,1333,741,1333,741,1305,737,1300,725,1300,725,1272,720,1268,708,1268,708,1223,704,1219,692,1219,692,1190,688,1186,676,1186,676,1158,672,1154,660,1154
725,1614,817,1614,817,1643,821,1647,833,1647,833,1692,821,1692,817,1696,817,1708,741,1708,741,1680,737,1676,725,1676
773,1745,882,1745,882,1790,886,1794,898,1794,898,1822,902,1827,914,1827,914,1855,918,1859,930,1859,930,1888,934,1892,946,1892,946,1920,950,1924,962,1924,962,1953,853,1953,853,1924,849,1920,837,1920,837,1892,833,1888,821,1888,821,1859,817,1855,805,1855,805,1827,801,1822,789,1822,789,1778,785,1773,773,1773
886,1680,898,1680,902,1676,902,1663,994,1663,998,1659,998,1647,1091,1647,1095,1643,1095,1631,1123,1631,1123,1659,1127,1663,1139,1663,1139,1692,1143,1696,1155,1696,1155,1725,1160,1729,1172,1729,1172,1757,1176,1761,1188,1761,1188,1790,1192,1794,1204,1794,1204,1822,1208,1827,1220,1827,1220,1839,1224,1843,1236,1843,1236,1871,1240,1875,1252,1875,1252,1904,1256,1908,1268,1908,1268,1937,1079,1937,1075,1941,1075,1953,998,1953,998,1908,994,1904,982,1904,982,1859,978,1855,966,1855,966,1843,962,1839,950,1839,950,1810,946,1806,934,1806,934,1778,930,1773,918,1773,918,1729,914,1725,902,1725,902,1696,898,1692,886,1692
1127,1566,1188,1566,1188,1627,1192,1631,1204,1631,1204,1692,1160,1692,1160,1647,1155,1643,1143,1643,1143,1598,1139,1594,1127,1594
1450,1370,1510,1370,1510,1382,1514,1386,1542,1386,1542,1398,1546,1402,1590,1402,1590,1415,1595,1419,1623,1419,1623,1431,1627,1435,1639,1435,1639,1447,1643,1451,1671,1451,1671,1464,1675,1468,1687,1468,1687,1480,1691,1484,1703,1484,1703,1496,1707,1500,1719,1500,1719,1512,1723,1517,1735,1517,1735,1529,1740,1533,1752,1533,1752,1561,1756,1566,1768,1566,1768,1708,1756,1708,1752,1712,1752,1741,1740,1741,1735,1745,1735,1773,1723,1773,1719,1778,1719,1790,1707,1790,1703,1794,1703,1822,1675,1822,1671,1827,1671,1839,1643,1839,1639,1843,1639,1855,1562,1855,1562,1843,1558,1839,1546,1839,1546,1810,1542,1806,1530,1806,1530,1794,1542,1794,1546,1790,1546,1778,1558,1778,1562,1773,1562,1761,1574,1761,1578,1757,1578,1745,1590,1745,1595,1741,1595,1729,1607,1729,1611,1725,1611,1696,1623,1696,1627,1692,1627,1680,1639,1680,1643,1676,1643,1582,1639,1578,1627,1578,1627,1566,1623,1561,1611,1561,1611,1549,1607,1545,1595,1545,1595,1533,1590,1529,1562,1529,1562,1517,1558,1512,1546,1512,1546,1500,1542,1496,1514,1496,1514,1484,1510,1480,1498,1480,1498,1468,1494,1464,1450,1464
1643,913,1655,913,1659,909,1659,897,1752,897,1752,909,1756,913,1784,913,1784,990,1756,990,1752,995,1752,1007,1723,1007,1723,995,1719,990,1643,990
1659,815,1671,815,1675,811,1675,685,1687,685,1691,681,1691,538,1703,538,1707,534,1707,522,1816,522,1816,583,1820,587,1832,587,1832,599,1820,599,1816,603,1816,632,1804,632,1800,636,1800,762,1788,762,1784,766,1784,827,1740,827,1735,831,1735,844,1675,844,1675,831,1671,827,1659,827
1723,326,1735,326,1740,322,1740,212,1752,212,1756,207,1756,163,1800,163,1804,159,1804,146,1864,146,1864,207,1852,207,1848,212,1848,338,1836,338,1832,342,1832,452,1723,452
1804,636,1816,636,1820,632,1820,619,1864,619,1864,697,1852,697,1848,701,1848,762,1804,762
1820,505,1832,505,1836,501,1836,473,1880,473,1880,583,1868,583,1864,587,1864,599,1836,599,1836,587,1832,583,1820,583
1836,424,1848,424,1852,420,1852,358,1897,358,1897,403,1885,403,1880,407,1880,452,1836,452
3544,1305,3556,1305,3560,1300,3560,1272,3572,1272,3576,1268,3576,1239,3588,1239,3592,1235,3592,1223,3604,1223,3608,1219,3608,1207,3669,1207,3673,1203,3673,1190,3701,1190,3701,1219,3689,1219,3685,1223,3685,1251,3673,1251,3669,1256,3669,1284,3657,1284,3653,1288,3653,1317,3641,1317,3637,1321,3637,1333,3544,1333
3802,1305,3814,1305,3818,1300,3818,1288,3830,1288,3834,1284,3834,1256,3846,1256,3850,1251,3850,1239,3862,1239,3866,1235,3866,1207,3991,1207,3991,1219,3995,1223,4007,1223,4007,1235,3995,1235,3991,1239,3991,1268,3963,1268,3959,1272,3959,1284,3947,1284,3943,1288,3943,1300,3931,1300,3927,1305,3927,1317,3915,1317,3910,1321,3910,1333,3834,1333,3830,1337,3830,1349,3818,1349,3818,1337,3814,1333,3802,1333
