58,400,61,400,61,399,61,390,64,390,64,389,64,384,67,384,67,383,67,381,169,381,169,383,169,384,172,384,173,383,173,381,187,381,187,383,188,384,193,384,194,383,194,381,209,381,209,392,206,392,206,390,206,389,203,389,203,390,203,392,200,392,200,393,200,396,197,396,196,396,196,399,197,400,200,400,200,402,194,402,193,403,193,405,191,405,191,403,190,402,188,402,187,403,187,405,163,405,163,403,162,402,160,402,159,403,159,405,61,405,61,403,61,402,58,402
129,0,153,0,153,36,154,37,156,37,156,67,154,67,153,68,153,71,142,71,141,71,141,74,139,74,139,71,138,71,135,71,135,56,135,55,132,55,132,37,132,36,129,36
160,0,178,0,178,14,179,15,181,15,181,17,179,17,178,18,178,58,169,58,169,59,169,61,163,61,163,21,162,21,160,21
179,0,193,0,193,17,182,17,182,15,181,14,179,14
179,18,193,18,193,55,194,56,196,56,196,71,194,71,193,71,193,74,185,74,185,71,184,71,182,71,182,53,181,52,179,52
386,365,388,365,389,364,389,343,391,343,392,342,392,315,394,315,395,314,395,309,413,309,413,311,413,312,416,312,416,339,417,340,419,340,419,374,417,374,416,375,416,377,417,378,419,378,419,402,410,402,410,403,410,405,395,405,395,403,394,402,392,402,392,387,391,386,389,386,389,371,388,371,386,371
413,278,416,278,417,277,417,275,419,275,420,274,420,271,428,271,429,271,429,268,431,268,432,267,432,265,434,265,435,264,435,262,437,262,438,261,438,250,440,250,441,249,441,243,440,242,438,242,438,237,437,236,435,236,435,234,434,233,432,233,432,231,431,230,429,230,429,228,428,227,423,227,423,225,422,224,420,224,420,221,419,221,417,221,417,215,419,215,420,214,420,212,422,212,422,214,423,215,428,215,428,217,429,218,434,218,434,221,435,221,440,221,440,224,441,225,444,225,444,227,444,228,447,228,447,233,447,234,450,234,450,264,447,264,447,265,447,271,444,271,444,271,444,274,441,274,440,275,440,277,438,277,437,278,437,280,432,280,431,281,431,283,417,283,417,281,416,280,413,280
423,303,440,303,440,339,435,339,434,340,434,342,426,342,426,337,425,336,423,336
426,343,434,343,435,342,435,340,440,340,440,402,441,403,444,403,444,408,429,408,428,409,428,411,426,411
435,440,437,440,438,439,438,437,440,437,440,439,441,440,444,440,444,439,444,437,450,437,450,439,451,440,453,440,453,489,438,489,438,462,437,461,435,461
491,393,493,393,494,392,494,390,512,390,512,389,512,387,518,387,518,411,515,411,515,412,515,427,515,428,518,428,518,436,515,436,515,437,515,467,500,467,499,468,499,471,491,471
