65,86,67,86,68,85,68,80,117,80,118,79,118,76,142,76,143,76,143,73,152,73,153,73,153,70,164,70,165,70,165,67,177,67,178,66,178,64,196,64,196,63,196,61,205,61,206,60,206,58,214,58,215,57,215,55,230,55,231,54,231,52,246,52,246,51,246,49,289,49,289,51,290,52,296,52,296,54,296,55,299,55,299,57,300,58,305,58,305,60,306,61,308,61,308,97,309,98,311,98,311,100,309,100,308,101,308,106,293,106,292,107,292,110,262,110,261,110,261,113,234,113,233,113,233,116,225,116,224,116,224,119,187,119,186,120,186,122,165,122,164,123,164,125,150,125,149,126,149,128,115,128,114,129,114,131,78,131,78,129,77,128,75,128,75,116,74,116,71,116,71,107,71,106,68,106,68,104,67,103,65,103
71,233,77,233,77,236,78,237,80,237,81,236,81,233,89,233,89,254,90,255,92,255,92,270,93,270,96,270,96,279,93,279,92,280,92,282,90,282,90,280,89,279,87,279,86,280,86,282,78,282,78,274,77,273,75,273,75,249,74,248,71,248
96,187,99,187,100,187,100,181,102,181,103,180,103,178,111,178,111,180,112,181,121,181,121,183,121,184,146,184,146,187,146,187,161,187,161,190,162,190,164,190,164,199,165,200,167,200,167,205,168,206,171,206,171,211,171,212,174,212,174,217,175,218,177,218,177,220,178,221,180,221,180,242,181,243,183,243,183,288,181,288,180,289,180,291,175,291,174,292,174,294,168,294,167,295,167,297,162,297,161,298,161,300,156,300,155,301,155,304,143,304,143,301,142,300,137,300,136,301,136,304,134,304,134,301,133,300,131,300,130,301,130,304,118,304,118,301,117,300,115,300,115,298,114,297,112,297,112,295,111,294,109,294,109,292,108,291,106,291,106,280,105,279,103,279,103,252,102,251,100,251,100,218,99,217,96,217
200,163,227,163,228,162,228,160,242,160,242,165,243,166,246,166,246,233,206,233,206,230,205,230,203,230,203,203,202,202,200,202
206,255,208,255,209,254,209,249,221,249,221,248,221,246,242,246,242,248,243,249,246,249,246,270,243,270,242,270,242,282,240,282,239,283,239,297,237,297,236,298,236,300,206,300
259,240,261,240,262,239,262,237,277,237,277,239,278,240,280,240,280,245,278,245,277,246,277,279,271,279,271,277,271,276,268,276,267,277,267,279,262,279,262,255,261,254,259,254
259,166,267,166,267,168,268,169,292,169,293,168,293,166,299,166,299,168,300,169,302,169,302,208,303,209,305,209,305,220,284,220,283,221,283,223,271,223,271,221,271,220,265,220,265,218,264,217,262,217,262,197,261,196,259,196
262,280,267,280,268,279,268,277,271,277,271,279,271,280,277,280,277,300,265,300,265,295,264,294,262,294
287,240,299,240,300,239,300,237,317,237,317,242,318,243,321,243,321,300,290,300,290,249,289,248,287,248
371,43,374,43,375,42,375,33,380,33,381,33,381,30,383,30,384,30,384,24,396,24,396,23,396,21,399,21,400,20,400,15,399,14,396,14,396,9,402,9,403,8,403,6,405,6,406,5,406,3,421,3,421,2,421,0,455,0,455,11,456,12,458,12,458,30,459,30,461,30,461,63,459,63,458,64,458,79,456,79,455,80,455,100,453,100,452,101,452,110,453,110,455,110,455,116,453,116,452,116,452,131,450,131,449,132,449,140,446,140,446,141,446,143,446,144,449,144,449,153,446,153,446,153,446,211,443,211,442,212,442,245,428,245,427,246,427,248,406,248,406,246,405,245,403,245,403,237,402,236,400,236,400,224,399,223,396,223,396,215,396,214,393,214,393,209,392,208,390,208,390,175,389,174,387,174,387,160,389,160,390,159,390,144,389,143,387,143,387,132,386,131,384,131,384,120,383,119,381,119,381,80,380,79,378,79,378,70,377,70,375,70,375,58,374,57,371,57
