132,325,134,325,135,324,135,246,138,246,138,246,138,243,141,243,141,246,141,246,168,246,168,249,169,250,187,250,187,261,188,262,190,262,190,371,191,371,193,371,193,386,194,387,196,387,196,408,197,409,199,409,199,424,200,425,202,425,202,439,203,440,205,440,205,458,206,459,208,459,208,480,206,480,205,481,205,483,132,483
135,206,138,206,138,205,138,106,141,106,141,105,141,15,144,15,144,14,144,12,156,12,156,14,157,15,202,15,202,17,203,18,218,18,218,30,215,30,215,31,215,46,212,46,212,46,212,61,209,61,208,62,208,74,206,74,205,75,205,86,203,86,202,87,202,102,200,102,199,103,199,121,197,121,196,121,196,146,194,146,193,146,193,202,191,202,190,203,190,230,188,230,187,231,187,239,166,239,166,237,165,236,148,236,148,234,147,233,135,233
206,200,208,200,209,199,209,181,212,181,212,180,212,162,215,162,215,161,215,146,218,146,219,146,219,134,221,134,222,133,222,115,224,115,225,114,225,103,227,103,228,102,228,84,230,84,231,83,231,75,233,75,234,74,234,71,246,71,246,74,246,75,261,75,262,74,262,68,261,67,252,67,252,65,252,64,243,64,243,62,242,61,240,61,240,56,242,56,243,55,243,40,246,40,246,39,246,34,279,34,279,36,280,37,298,37,298,39,299,40,307,40,307,52,305,52,304,53,304,58,302,58,301,59,301,64,299,64,298,65,298,77,296,77,295,78,295,86,293,86,292,87,292,92,289,92,289,93,289,99,286,99,286,100,286,108,283,108,283,109,283,117,280,117,279,118,279,124,277,124,276,125,276,133,274,133,273,134,273,142,271,142,270,143,270,155,268,155,267,156,267,167,265,167,264,168,264,177,262,177,261,178,261,189,259,189,258,190,258,199,256,199,255,200,255,217,252,217,252,218,252,277,252,278,255,278,255,299,256,300,258,300,258,317,259,318,261,318,261,333,262,334,264,334,264,342,265,343,267,343,267,352,268,353,270,353,270,361,271,362,273,362,273,371,274,371,276,371,276,380,277,381,279,381,279,389,280,390,283,390,283,402,283,403,286,403,286,411,286,412,289,412,289,417,289,418,292,418,292,427,293,428,295,428,295,436,296,437,298,437,298,449,299,450,301,450,301,461,299,461,298,462,298,464,234,464,234,446,233,446,231,446,231,434,230,433,228,433,228,418,227,417,225,417,225,406,224,405,222,405,222,390,221,389,219,389,219,371,218,371,215,371,215,356,215,355,212,355,212,334,212,333,209,333,209,296,208,296,206,296
296,228,298,228,299,227,299,187,304,187,304,189,305,190,320,190,320,192,320,193,323,193,323,249,320,249,320,250,320,314,317,314,316,315,316,317,302,317,302,315,301,314,299,314,299,309,298,308,296,308
326,271,329,271,330,271,330,240,332,240,333,239,333,237,338,237,338,239,339,240,366,240,366,261,367,262,369,262,369,336,367,336,366,337,366,452,364,452,363,453,363,455,326,455,326,287,329,287,330,286,330,275,329,274,326,274
330,50,369,50,369,114,367,114,366,115,366,167,367,168,369,168,369,180,367,180,366,181,366,221,333,221,333,209,332,208,330,208,330,81,332,81,333,80,333,59,332,58,330,58
407,68,424,68,424,139,407,139
407,150,424,150,424,211,422,211,421,212,421,227,422,228,424,228,424,249,407,249,407,156,409,156,410,155,410,153,409,152,407,152
407,259,424,259,424,271,422,271,421,271,421,302,422,303,424,303,424,367,422,367,421,368,421,399,422,400,424,400,424,436,407,436
428,37,431,37,431,36,431,34,449,34,449,52,447,52,446,53,446,89,431,89,431,87,431,86,428,86
428,93,446,93,446,164,444,164,444,162,443,161,431,161,431,159,431,158,428,158,428,134,431,134,431,133,431,125,431,124,428,124
428,171,431,171,431,171,431,168,434,168,434,171,434,171,446,171,446,267,431,267,431,265,431,264,428,264
428,278,431,278,431,277,431,275,443,275,443,277,444,278,446,278,446,286,444,286,443,287,443,314,444,315,446,315,446,321,444,321,443,321,443,324,444,325,446,325,446,355,444,355,443,356,443,358,428,358
425,459,428,459,428,458,428,381,437,381,438,380,438,378,440,378,440,380,441,381,443,381,443,433,444,434,446,434,446,449,444,449,443,450,443,474,431,474,431,471,431,471,425,471
450,221,452,221,453,221,453,165,455,165,456,164,456,159,455,158,453,158,453,137,455,137,456,136,456,125,468,125,468,164,468,165,471,165,471,286,468,286,468,287,468,330,468,331,471,331,471,346,468,346,468,346,468,380,453,380,453,253,452,252,450,252
