144,497,147,497,148,496,148,450,176,450,176,453,177,455,195,455,195,458,196,459,200,459,200,472,196,472,195,474,195,605,196,606,200,606,200,624,172,624,171,625,171,629,153,629,153,602,152,600,148,600,148,573,147,572,144,572
153,417,157,417,158,416,158,402,162,402,163,401,163,388,166,388,168,387,168,374,171,374,172,373,172,365,176,365,177,363,177,346,181,346,182,344,182,327,186,327,187,325,187,312,190,312,192,311,192,303,195,303,196,302,196,289,200,289,201,288,201,284,205,284,206,283,206,279,210,279,211,278,211,274,214,274,216,273,216,270,219,270,220,269,220,260,224,260,225,259,225,256,229,256,230,254,230,251,234,251,235,250,235,246,238,246,240,245,240,237,243,237,244,235,244,232,248,232,249,231,249,227,253,227,254,226,254,222,258,222,259,221,259,218,262,218,264,216,264,208,267,208,268,207,268,203,272,203,273,202,273,199,277,199,278,197,278,194,282,194,283,193,283,184,286,184,288,183,288,180,291,180,292,178,292,175,301,175,301,178,302,180,306,180,306,183,307,184,310,184,310,188,312,189,315,189,315,193,316,194,320,194,320,197,321,199,325,199,325,202,326,203,330,203,330,216,326,216,325,218,325,221,321,221,320,222,320,226,316,226,315,227,315,235,312,235,310,237,310,240,307,240,306,241,306,245,302,245,301,246,301,254,297,254,296,256,296,259,292,259,291,260,291,269,288,269,286,270,286,273,283,273,282,274,282,278,278,278,277,279,277,283,273,283,272,284,272,288,268,288,267,289,267,297,264,297,262,298,262,302,259,302,258,303,258,306,254,306,253,308,253,311,249,311,248,312,248,321,244,321,243,322,243,330,240,330,238,331,238,344,235,344,234,346,234,359,230,359,229,360,229,373,225,373,224,374,224,387,220,387,219,388,219,401,216,401,214,402,214,411,211,411,210,412,210,425,206,425,205,426,205,434,201,434,200,436,200,439,196,439,196,436,195,434,182,434,182,431,181,430,168,430,168,426,166,425,158,425,158,421,157,420,153,420
158,654,162,654,163,653,163,649,181,649,182,648,182,644,195,644,196,643,196,640,210,640,210,653,211,654,214,654,214,662,216,663,219,663,219,672,220,673,224,673,224,686,225,687,229,687,229,700,230,701,234,701,234,709,235,711,238,711,238,719,240,720,243,720,243,728,244,730,248,730,248,738,249,739,253,739,253,747,254,749,258,749,258,757,259,758,262,758,262,762,264,763,267,763,267,766,268,768,272,768,272,776,273,777,277,777,277,781,278,782,282,782,282,790,283,791,286,791,286,795,288,796,291,796,291,800,292,801,296,801,296,804,297,805,301,805,301,809,302,810,306,810,306,818,307,820,310,820,310,823,312,824,315,824,315,828,316,829,320,829,320,833,321,834,325,834,325,837,326,839,330,839,330,847,331,848,334,848,334,852,331,852,330,853,330,856,326,856,325,858,325,861,316,861,315,862,315,866,312,866,310,867,310,871,307,871,306,872,306,875,292,875,292,867,291,866,288,866,288,862,286,861,283,861,283,858,282,856,278,856,278,853,277,852,273,852,273,848,272,847,268,847,268,843,267,842,264,842,264,839,262,837,259,837,259,834,258,833,254,833,254,829,253,828,249,828,249,820,248,818,244,818,244,815,243,814,240,814,240,810,238,809,235,809,235,805,234,804,230,804,230,796,229,795,225,795,225,791,224,790,220,790,220,782,219,781,216,781,216,777,214,776,211,776,211,768,210,766,206,766,206,758,205,757,201,757,201,749,200,747,196,747,196,739,195,738,192,738,192,725,190,724,187,724,187,715,186,714,182,714,182,706,181,705,177,705,177,692,176,690,172,690,172,682,171,681,168,681,168,668,166,667,163,667,163,658,162,657,158,657
235,549,238,549,240,548,240,545,258,545,259,544,259,540,267,540,267,544,268,545,272,545,273,544,273,540,286,540,286,572,288,573,291,573,291,619,288,619,286,621,286,643,288,644,291,644,291,648,288,648,286,649,286,662,288,663,291,663,291,705,288,705,286,706,286,709,240,709,240,559,238,558,235,558
240,350,286,350,286,472,288,474,291,474,291,496,288,496,286,497,286,501,288,502,291,502,291,510,288,510,286,512,286,520,283,520,282,521,282,525,273,525,273,521,272,520,264,520,262,521,262,525,240,525
292,355,296,355,297,354,297,350,325,350,326,349,326,346,334,346,334,359,336,360,339,360,339,378,340,379,344,379,344,510,340,510,339,512,339,515,297,515,297,436,296,434,292,434,292,426,296,426,297,425,297,384,296,382,292,382
297,530,301,530,301,534,302,535,315,535,316,534,316,530,339,530,339,534,340,535,344,535,344,700,340,700,339,701,339,705,297,705
369,237,402,237,402,250,398,250,397,251,397,330,369,330
369,341,397,341,397,373,398,374,402,374,402,378,398,378,397,379,397,382,379,382,378,384,378,387,369,387
369,398,373,398,374,397,374,393,397,393,397,439,393,439,393,436,392,434,379,434,378,436,378,439,369,439
369,464,373,464,374,463,374,459,397,459,397,468,398,469,402,469,402,544,398,544,397,545,397,548,393,548,393,545,392,544,369,544
369,611,373,611,373,615,374,616,382,616,384,615,384,611,397,611,397,615,398,616,402,616,402,619,398,619,397,621,397,681,393,681,392,682,392,686,369,686
369,692,397,692,397,728,379,728,379,725,378,724,369,724
369,739,397,739,397,766,398,768,402,768,402,842,398,842,397,843,397,847,374,847,374,843,373,842,369,842
408,630,416,630,416,634,417,635,435,635,435,672,432,672,430,673,430,676,432,677,435,677,435,695,408,695
403,720,406,720,408,719,408,701,426,701,427,700,427,696,430,696,430,700,432,701,435,701,435,728,408,728,408,725,406,724,403,724
403,739,430,739,430,743,432,744,435,744,435,776,412,776,411,777,411,781,408,781,408,749,406,747,403,747
403,829,406,829,408,828,408,782,430,782,430,785,432,786,435,786,435,842,403,842
408,246,416,246,416,250,417,251,440,251,440,325,436,325,435,327,435,363,436,365,440,365,440,368,436,368,435,369,435,382,408,382
408,388,435,388,435,430,427,430,426,431,426,434,408,434
408,445,416,445,417,444,417,440,430,440,430,444,432,445,435,445,435,501,408,501
408,512,435,512,435,562,436,564,440,564,440,572,436,572,435,573,435,596,408,596
441,317,474,317,474,397,470,397,469,398,469,401,441,401
441,407,474,407,474,434,441,434
441,445,474,445,474,472,470,472,469,474,469,515,441,515
436,597,440,597,441,596,441,521,469,521,469,610,441,610,441,606,440,605,436,605
441,677,450,677,451,676,451,673,469,673,469,705,470,706,474,706,474,724,470,724,469,725,469,733,470,734,474,734,474,738,475,739,478,739,478,747,470,747,469,749,469,757,441,757
475,673,507,673,507,700,508,701,512,701,512,709,513,711,517,711,517,714,508,714,507,715,507,719,508,720,512,720,512,728,508,728,507,730,507,752,508,753,512,753,512,762,508,762,507,763,507,766,475,766,475,749,478,749,480,747,480,725,478,724,475,724
475,777,478,777,480,776,480,772,507,772,507,818,475,818
480,165,512,165,512,193,513,194,517,194,517,240,513,240,512,241,512,245,480,245
480,256,507,256,507,259,508,260,512,260,512,325,480,325
480,336,483,336,484,335,484,331,507,331,507,335,508,336,512,336,512,340,508,340,507,341,507,401,480,401
480,459,507,459,507,581,504,581,502,583,502,586,480,586
480,592,502,592,502,596,504,597,507,597,507,662,480,662
508,730,512,730,513,728,513,720,541,720,541,776,537,776,536,777,536,785,537,786,541,786,541,800,513,800,513,768,512,766,508,766,508,763,512,763,513,762,513,753,512,752,508,752
508,858,512,858,513,856,513,810,517,810,518,809,518,805,526,805,526,809,528,810,541,810,541,890,508,890
513,412,531,412,531,520,513,520
513,549,541,549,541,643,513,643
513,649,536,649,536,653,537,654,541,654,541,709,537,709,536,711,536,714,518,714,518,711,517,709,513,709
513,241,517,241,518,240,518,165,536,165,536,169,537,170,546,170,546,183,547,184,550,184,550,207,547,207,546,208,546,264,518,264,518,256,517,254,513,254,513,251,517,251,518,250,518,246,517,245,513,245
518,270,546,270,546,311,518,311
513,360,517,360,518,359,518,322,546,322,546,401,518,401,518,398,517,397,513,397,513,393,517,393,518,392,518,369,517,368,513,368
532,407,555,407,555,529,552,529,550,530,550,534,532,534
571,834,594,834,594,837,595,839,598,839,598,871,571,871
571,554,574,554,576,553,576,549,598,549,598,558,600,559,603,559,603,562,600,562,598,564,598,605,576,605,576,602,574,600,571,600
571,616,574,616,576,615,576,611,598,611,598,638,590,638,590,635,589,634,571,634
571,644,598,644,598,714,600,715,603,715,603,738,600,738,598,739,598,747,595,747,594,749,594,752,571,752
571,768,574,768,574,771,576,772,598,772,598,828,571,828
576,317,579,317,580,316,580,312,598,312,598,316,600,317,603,317,603,387,576,387
571,436,574,436,576,434,576,398,603,398,603,515,600,515,598,516,598,525,576,525,576,516,574,515,571,515,571,469,574,469,576,468,576,459,574,458,571,458
600,516,603,516,604,515,604,497,632,497,632,586,609,586,609,559,608,558,604,558,604,521,603,520,600,520
604,621,632,621,632,690,633,692,637,692,637,728,609,728,609,725,608,724,604,724
604,739,608,739,609,738,609,734,613,734,613,738,614,739,632,739,632,743,633,744,637,744,637,752,633,752,632,753,632,785,633,786,637,786,637,790,614,790,613,791,613,795,609,795,609,791,608,790,604,790
604,801,637,801,637,856,638,858,642,858,642,866,638,866,637,867,637,871,604,871
