67,87,69,87,70,86,70,84,72,84,73,83,73,81,81,81,81,83,82,84,97,84,97,86,97,87,100,87,100,136,100,137,103,137,103,196,104,196,106,196,106,202,104,202,103,203,103,205,76,205,76,196,75,196,73,196,73,175,72,174,70,174,70,159,69,158,67,158
73,256,75,256,76,255,76,212,106,212,106,264,107,265,109,265,109,299,110,300,112,300,112,305,76,305,76,268,75,267,73,267
373,428,375,428,376,427,376,425,381,425,381,427,382,428,397,428,397,430,397,431,400,431,400,455,400,456,403,456,403,471,400,471,400,471,400,474,376,474,376,437,375,436,373,436
373,396,375,396,376,396,376,368,378,368,379,367,379,353,381,353,382,352,382,350,384,350,384,352,385,353,403,353,403,358,403,359,406,359,406,374,403,374,403,375,403,386,403,387,406,387,406,389,403,389,403,390,403,402,400,402,400,403,400,417,397,417,397,418,397,421,373,421
388,281,390,281,391,280,391,246,393,246,394,246,394,243,433,243,433,246,434,246,439,246,439,249,440,250,442,250,442,271,443,271,446,271,446,292,446,293,449,293,449,296,437,296,436,296,436,299,419,299,418,300,418,302,410,302,410,300,409,299,394,299,394,296,393,296,391,296,391,293,390,292,388,292
397,418,400,418,400,417,400,403,403,403,403,402,403,396,415,396,415,399,416,400,427,400,428,399,428,396,430,396,430,455,431,456,433,456,433,477,434,478,436,478,436,489,425,489,424,490,424,492,407,492,406,493,406,496,403,496,403,481,403,480,400,480,400,471,403,471,403,471,403,456,403,455,400,455,400,431,400,430,397,430
403,353,406,353,407,352,407,334,421,334,421,336,422,337,436,337,436,339,437,340,439,340,439,349,437,349,436,350,436,374,434,374,433,375,433,392,416,392,416,390,415,389,407,389,407,387,406,386,403,386,403,375,406,375,407,374,407,359,406,358,403,358
428,131,430,131,431,130,431,125,442,125,442,127,443,128,446,128,446,136,443,136,442,137,442,142,437,142,437,140,436,139,431,139,431,137,430,136,428,136
437,400,439,400,440,399,440,387,455,387,455,389,455,390,458,390,458,392,455,392,455,393,455,408,440,408,440,406,439,405,437,405
437,409,439,409,439,411,440,412,452,412,452,414,452,415,455,415,455,436,437,436
437,437,442,437,442,439,443,440,446,440,446,439,446,437,455,437,455,458,455,459,458,459,458,467,440,467,440,443,439,442,437,442
443,365,446,365,446,364,446,362,458,362,458,364,459,365,461,365,461,377,459,377,458,378,458,386,452,386,452,384,452,383,443,383
459,309,461,309,462,308,462,303,464,303,465,302,465,300,470,300,470,302,471,303,473,303,473,308,471,308,470,309,470,314,468,314,467,315,467,317,459,317
462,231,464,231,465,230,465,228,473,228,473,230,474,231,476,231,476,233,477,234,479,234,479,239,480,240,482,240,482,258,480,258,480,256,479,255,477,255,476,256,476,258,471,258,471,250,470,249,468,249,468,243,467,242,465,242,465,237,464,236,462,236
468,290,470,290,471,289,471,259,485,259,485,286,483,286,482,287,482,292,480,292,479,293,479,299,477,299,476,300,476,302,471,302,471,300,470,299,468,299
538,106,540,106,541,105,541,93,543,93,544,92,544,87,562,87,563,86,563,84,605,84,605,86,605,87,629,87,629,89,630,90,638,90,638,99,639,100,641,100,641,114,642,115,644,115,644,121,642,121,641,121,641,124,636,124,636,121,635,121,621,121,621,118,620,117,544,117,544,115,543,114,541,114,541,109,540,108,538,108
