230,483,233,483,233,482,233,472,236,472,237,471,237,458,240,458,240,457,240,444,243,444,244,443,244,434,247,434,247,436,248,437,254,437,254,440,255,441,261,441,261,450,258,450,257,451,257,454,258,455,261,455,261,457,255,457,254,458,254,471,251,471,250,472,250,482,248,482,247,483,247,503,244,503,243,504,243,538,230,538
230,542,243,542,243,559,233,559,233,556,233,555,230,555
233,567,236,567,237,566,237,563,247,563,247,580,248,581,250,581,250,594,251,595,254,595,254,604,240,604,240,602,240,601,237,601,237,591,236,590,233,590
255,539,268,539,268,541,269,542,271,542,272,541,272,539,275,539,275,541,276,542,279,542,279,569,276,569,275,570,275,636,262,636,262,633,261,632,258,632,258,619,257,618,255,618
255,507,257,507,258,506,258,458,261,458,262,457,262,441,261,440,258,440,258,430,261,430,262,429,262,409,286,409,286,419,283,419,282,420,282,464,279,464,279,465,279,527,258,527,258,514,257,513,255,513
287,469,300,469,300,471,301,472,303,472,303,496,297,496,297,493,296,492,294,492,293,493,293,496,287,496
287,497,289,497,289,499,290,500,303,500,303,527,294,527,294,525,293,524,287,524
283,539,286,539,287,538,287,528,300,528,300,531,301,532,303,532,303,552,287,552,287,542,286,541,283,541
287,570,289,570,290,569,290,560,300,560,300,583,294,583,294,581,293,580,287,580
336,423,339,423,340,422,340,420,353,420,353,440,336,440
336,444,339,444,339,447,340,448,342,448,343,447,343,444,349,444,349,447,350,448,353,448,353,461,350,461,349,462,349,468,343,468,343,465,342,464,340,464,339,465,339,468,336,468
336,469,349,469,349,485,350,486,353,486,353,489,340,489,340,486,339,485,336,485
386,542,403,542,403,569,403,570,406,570,406,576,403,576,403,577,403,601,400,601,400,598,399,597,389,597,389,546,388,545,386,545
403,553,406,553,407,552,407,514,420,514,420,541,418,541,417,542,417,573,407,573,407,570,406,569,403,569
403,577,406,577,407,576,407,574,410,574,410,576,411,577,413,577,414,576,414,574,417,574,417,597,418,598,420,598,420,611,411,611,411,609,410,608,407,608,407,581,406,580,403,580
407,476,413,476,413,485,414,486,417,486,418,485,418,483,420,483,420,510,411,510,410,511,410,513,407,513
