136,342,140,342,142,340,142,276,176,276,176,280,177,282,182,282,182,298,177,298,176,300,176,358,142,358,142,354,140,352,136,352
136,600,140,600,142,599,142,540,152,540,152,545,154,546,170,546,171,545,171,540,176,540,176,545,177,546,182,546,182,557,177,557,176,558,176,623,171,623,170,624,170,629,165,629,165,624,164,623,136,623
189,318,194,318,195,316,195,300,200,300,201,298,201,288,205,288,207,286,207,276,211,276,213,274,213,270,217,270,219,268,219,258,223,258,225,256,225,252,229,252,231,250,231,246,235,246,235,250,237,252,241,252,241,256,242,258,247,258,247,262,248,264,253,264,253,280,248,280,247,282,247,286,242,286,241,288,241,298,237,298,235,300,235,304,231,304,229,306,229,316,225,316,223,318,223,334,225,336,229,336,229,352,231,354,235,354,235,370,237,372,241,372,241,382,225,382,223,384,223,388,213,388,213,384,211,382,207,382,207,378,205,376,201,376,201,366,200,364,195,364,195,354,194,352,189,352
189,576,194,576,195,575,195,558,200,558,201,557,201,546,205,546,207,545,207,540,211,540,213,539,213,528,217,528,219,527,219,522,223,522,225,521,225,510,235,510,235,515,237,516,247,516,247,521,248,522,253,522,253,539,248,539,247,540,247,545,242,545,241,546,241,557,237,557,235,558,235,563,231,563,229,564,229,575,225,575,223,576,223,605,225,606,229,606,229,617,231,618,235,618,235,635,225,635,223,636,223,641,207,641,207,636,205,635,201,635,201,630,200,629,195,629,195,612,194,611,189,611
260,120,265,120,266,118,266,96,288,96,288,100,290,102,306,102,306,136,302,136,300,138,300,142,290,142,290,138,288,136,260,136
266,6,271,6,272,4,272,0,300,0,300,4,302,6,306,6,306,46,308,48,312,48,312,82,308,82,306,84,306,100,290,100,290,96,288,94,266,94
462,576,466,576,468,575,468,522,496,522,496,593,491,593,490,594,490,599,480,599,480,594,478,593,468,593,468,588,466,587,462,587
503,564,508,564,509,563,509,540,514,540,515,539,515,522,520,522,521,521,521,510,525,510,527,509,527,498,531,498,533,497,533,492,543,492,543,497,545,498,555,498,555,503,557,504,561,504,561,509,557,509,555,510,555,521,551,521,549,522,549,533,545,533,543,534,543,545,539,545,537,546,537,587,539,588,543,588,543,599,545,600,549,600,549,617,533,617,531,618,531,623,515,623,515,612,514,611,509,611,509,582,508,581,503,581
509,288,514,288,515,286,515,270,520,270,521,268,521,258,525,258,527,256,527,246,531,246,533,244,533,240,537,240,539,238,539,234,543,234,543,238,545,240,555,240,555,244,557,246,561,246,561,256,557,256,555,258,555,268,551,268,549,270,549,280,545,280,543,282,543,340,545,342,549,342,549,364,545,364,543,366,543,370,533,370,531,372,531,376,527,376,527,372,525,370,521,370,521,360,520,358,515,358,515,342,514,340,509,340
651,6,697,6,697,40,663,40,663,36,662,34,651,34
794,546,798,546,800,545,800,522,822,522,822,581,794,581
811,132,816,132,817,130,817,102,834,102,834,106,835,108,840,108,840,112,841,114,845,114,845,124,841,124,840,126,840,166,811,166
847,378,851,378,853,376,853,366,857,366,859,364,859,348,863,348,865,346,865,330,869,330,871,328,871,324,875,324,875,328,877,330,899,330,899,340,894,340,893,342,893,352,888,352,887,354,887,370,882,370,881,372,881,376,877,376,875,378,875,388,871,388,869,390,869,400,865,400,863,402,863,406,847,406
859,486,875,486,877,485,877,480,887,480,887,563,882,563,881,564,881,581,859,581,859,534,863,534,865,533,865,510,863,509,859,509
865,162,869,162,871,160,871,150,875,150,877,148,877,138,881,138,882,136,882,126,887,126,888,124,888,108,893,108,894,106,894,72,905,72,905,76,906,78,928,78,928,94,924,94,922,96,922,112,918,112,917,114,917,130,912,130,911,132,911,142,906,142,905,144,905,148,900,148,899,150,899,160,894,160,893,162,893,172,865,172
906,468,917,468,918,466,918,462,934,462,934,478,936,480,940,480,940,515,942,516,946,516,946,527,942,527,940,528,940,533,936,533,936,528,934,527,912,527,912,474,911,472,906,472
906,558,911,558,912,557,912,534,940,534,940,575,936,575,934,576,934,593,906,593
918,162,922,162,924,160,924,150,928,150,930,148,930,138,934,138,936,136,936,132,940,132,942,130,942,102,946,102,948,100,948,90,964,90,965,88,965,84,976,84,976,118,971,118,970,120,970,130,965,130,964,132,964,142,960,142,958,144,958,154,954,154,952,156,952,160,948,160,946,162,946,172,918,172
1108,120,1112,120,1114,118,1114,96,1136,96,1136,118,1131,118,1130,120,1130,136,1125,136,1124,138,1124,142,1120,142,1118,144,1118,148,1108,148
1120,252,1130,252,1131,250,1131,246,1148,246,1148,250,1149,252,1154,252,1154,256,1155,258,1160,258,1160,280,1161,282,1165,282,1165,316,1149,316,1148,318,1148,322,1131,322,1131,282,1130,280,1125,280,1125,264,1124,262,1120,262
1137,162,1142,162,1143,160,1143,150,1148,150,1149,148,1149,132,1154,132,1155,130,1155,108,1154,106,1149,106,1149,102,1154,102,1155,100,1155,96,1160,96,1161,94,1161,90,1165,90,1165,94,1167,96,1183,96,1183,130,1179,130,1177,132,1177,142,1173,142,1171,144,1171,160,1167,160,1165,162,1165,172,1161,172,1160,174,1160,178,1155,178,1154,180,1154,184,1137,184
