134,250,136,250,137,249,137,246,142,246,143,246,143,243,145,243,146,242,146,240,155,240,155,242,155,243,158,243,158,249,158,250,161,250,161,252,162,253,164,253,164,261,162,261,161,262,161,264,158,264,158,265,158,267,140,267,140,265,139,264,137,264,137,256,136,255,134,255
168,118,170,118,171,117,171,115,173,115,174,114,174,112,179,112,180,111,180,109,185,109,185,111,186,112,194,112,194,117,195,118,197,118,197,127,195,127,194,128,194,133,171,133,171,131,170,130,168,130
165,175,167,175,168,174,168,168,170,168,171,167,171,165,185,165,185,227,171,227,170,228,170,230,168,230,168,228,167,227,165,227
168,278,170,278,171,277,171,271,173,271,174,271,174,268,182,268,183,267,183,265,185,265,185,267,186,268,191,268,191,271,192,271,194,271,194,289,192,289,191,290,191,292,189,292,188,293,188,296,180,296,180,293,179,292,177,292,177,290,176,289,171,289,171,284,170,283,168,283
213,115,216,115,217,114,217,106,231,106,231,108,232,109,256,109,256,111,256,112,262,112,262,114,262,115,268,115,268,117,269,118,274,118,274,121,275,121,277,121,277,124,278,125,280,125,280,133,275,133,274,134,274,136,272,136,271,137,271,139,262,139,262,137,262,136,256,136,256,134,256,133,253,133,253,131,252,130,244,130,244,128,243,127,232,127,232,125,231,124,217,124,217,121,216,121,213,121
220,290,222,290,223,289,223,281,225,281,226,280,226,278,234,278,235,277,235,275,243,275,244,274,244,271,252,271,253,271,253,268,259,268,259,267,259,265,262,265,262,264,262,262,274,262,274,264,275,265,277,265,277,267,278,268,280,268,280,274,281,275,283,275,283,277,281,277,280,278,280,280,278,280,277,281,277,283,272,283,271,284,271,286,269,286,268,287,268,289,262,289,262,290,262,292,253,292,252,293,252,296,232,296,231,296,231,299,223,299,223,296,222,296,220,296
278,253,280,253,281,252,281,250,283,250,284,249,284,246,286,246,287,246,287,240,304,240,304,242,305,243,311,243,311,249,308,249,307,250,307,255,305,255,304,256,304,258,302,258,301,259,301,261,299,261,298,262,298,264,287,264,287,262,286,261,281,261,281,259,280,258,278,258
278,143,280,143,281,142,281,140,283,140,284,139,284,137,286,137,287,136,287,134,292,134,292,136,293,137,295,137,295,139,296,140,298,140,298,146,299,146,301,146,301,152,302,153,304,153,304,155,305,156,307,156,307,158,308,159,311,159,311,164,311,165,314,165,314,167,314,168,317,168,317,171,317,171,320,171,320,177,320,178,323,178,323,202,320,202,320,203,320,221,317,221,317,221,317,233,305,233,305,231,304,230,293,230,293,215,295,215,296,214,296,200,298,200,299,199,299,187,298,186,296,186,296,178,295,177,293,177,293,171,292,171,290,171,290,165,289,164,287,164,287,159,286,158,284,158,284,156,283,155,281,155,281,150,280,149,278,149
489,0,506,0,506,17,498,17,497,18,497,21,489,21
486,34,488,34,489,33,489,21,503,21,504,21,504,18,506,18,506,21,507,21,509,21,509,64,510,65,512,65,512,99,492,99,492,96,491,96,489,96,489,50,488,49,486,49
492,115,494,115,495,114,495,112,506,112,507,111,507,109,515,109,515,111,516,112,518,112,518,130,519,131,521,131,521,152,507,152,506,153,506,155,501,155,501,153,500,152,498,152,498,146,497,146,495,146,495,125,494,124,492,124
504,162,528,162,528,230,528,231,531,231,531,249,531,250,534,250,534,252,531,252,531,253,531,255,513,255,513,253,512,252,510,252,510,228,509,227,507,227,507,203,506,202,504,202
516,0,537,0,537,71,519,71,519,46,518,46,516,46
522,78,528,78,528,77,528,75,537,75,537,149,528,149,528,134,531,134,531,133,531,121,531,121,528,121,528,100,528,99,525,99,525,81,525,80,522,80
