48,246,51,246,51,246,51,215,57,215,57,217,57,218,66,218,66,242,63,242,63,243,63,267,63,268,66,268,66,274,66,275,69,275,69,283,70,284,72,284,72,289,73,290,75,290,75,299,76,300,78,300,78,305,73,305,72,306,72,308,70,308,69,309,69,311,63,311,63,303,63,302,60,302,60,293,60,292,57,292,57,284,57,283,54,283,54,278,54,277,51,277,51,268,51,267,48,267
60,184,63,184,63,183,63,181,66,181,66,180,66,175,69,175,70,174,70,168,72,168,73,167,73,162,75,162,76,161,76,159,78,159,79,158,79,156,81,156,82,155,82,153,84,153,85,152,85,150,87,150,88,149,88,146,93,146,94,146,94,143,105,143,105,152,106,153,108,153,108,158,106,158,105,159,105,161,103,161,102,162,102,164,97,164,96,165,96,167,94,167,93,168,93,171,91,171,90,171,90,174,88,174,87,175,87,177,85,177,84,178,84,180,82,180,81,181,81,186,79,186,78,187,78,192,76,192,75,193,75,199,70,199,70,196,69,196,66,196,66,193,66,192,60,192
70,315,75,315,76,314,76,312,78,312,79,311,79,309,81,309,82,308,82,306,84,306,84,308,85,309,87,309,87,314,88,315,93,315,93,317,94,318,96,318,96,321,97,321,99,321,99,324,100,325,105,325,105,327,106,328,111,328,111,330,112,331,136,331,137,330,137,328,151,328,151,336,152,337,154,337,154,339,152,339,151,340,151,342,146,342,145,343,145,346,130,346,130,346,130,349,112,349,112,346,111,346,103,346,103,343,102,342,97,342,97,340,96,339,94,339,94,337,93,336,88,336,88,334,87,333,85,333,85,331,84,330,79,330,79,328,78,327,76,327,76,325,75,324,73,324,73,321,72,321,70,321
106,140,108,140,109,139,109,137,133,137,133,139,133,140,145,140,145,142,146,143,154,143,154,146,155,146,157,146,157,149,158,150,160,150,160,155,158,155,157,156,157,158,155,158,154,159,154,161,152,161,152,159,151,158,146,158,146,156,145,155,130,155,130,153,130,152,118,152,117,153,117,155,109,155,109,153,108,152,106,152
243,246,245,246,246,246,246,137,251,137,251,139,252,140,270,140,271,139,271,137,273,137,273,155,274,156,276,156,276,208,274,208,273,209,273,280,271,280,270,281,270,333,243,333,243,290,245,290,246,289,246,281,245,280,243,280
289,340,291,340,292,339,292,315,322,315,322,408,319,408,318,409,318,449,316,449,315,450,315,452,289,452,289,396,291,396,292,396,292,378,291,377,289,377,289,359,291,359,292,358,292,350,291,349,289,349
319,487,322,487,322,486,322,440,331,440,331,442,331,443,346,443,346,455,344,455,343,456,343,499,319,499
325,403,328,403,328,402,328,356,349,356,349,361,350,362,352,362,352,364,350,364,349,365,349,436,347,436,346,437,346,439,341,439,341,437,340,436,331,436,331,437,331,439,325,439
331,278,334,278,334,277,334,271,352,271,352,274,353,275,355,275,355,299,353,299,352,300,352,321,350,321,349,321,349,324,331,324
334,218,337,218,337,217,337,187,355,187,355,227,353,227,352,228,352,264,341,264,340,265,340,267,337,267,337,265,337,264,334,264
350,321,352,321,353,321,353,300,355,300,356,299,356,275,355,274,353,274,353,271,355,271,356,271,356,256,373,256,373,339,371,339,370,340,370,342,362,342,362,340,361,339,356,339,356,334,355,333,353,333,353,325,352,324,350,324
356,234,358,234,359,233,359,190,361,190,362,189,362,187,376,187,376,189,377,190,379,190,379,192,377,192,376,193,376,230,374,230,373,231,373,252,356,252
380,387,382,387,383,386,383,328,385,328,386,327,386,325,392,325,392,327,392,328,398,328,398,327,398,325,404,325,404,327,404,328,407,328,407,339,404,339,404,340,404,371,401,371,401,371,401,396,383,396,383,393,382,392,380,392
441,468,443,468,444,467,444,437,455,437,455,492,441,492
444,259,446,259,447,258,447,231,462,231,462,280,459,280,459,281,459,296,444,296
581,334,583,334,584,333,584,296,605,296,605,339,602,339,602,340,602,377,584,377,584,375,583,374,581,374
584,253,586,253,587,252,587,200,589,200,589,202,590,203,608,203,608,255,605,255,605,256,605,289,602,289,602,290,602,292,599,292,599,290,599,289,584,289
