0,280,1,280,1,281,2,282,4,282,4,284,5,285,6,285,6,286,7,287,9,287,9,289,10,290,14,290,14,291,15,292,16,292,16,296,17,297,19,297,19,306,20,307,21,307,21,314,22,315,24,315,24,329,25,330,26,330,26,344,27,345,29,345,29,351,30,352,31,352,31,364,32,365,34,365,34,374,32,374,31,375,31,376,30,376,30,375,29,374,0,374
80,320,81,320,82,319,82,305,104,305,104,319,102,319,101,320,101,339,100,339,99,340,99,349,100,350,101,350,101,356,102,357,104,357,104,364,105,365,106,365,106,374,107,375,109,375,109,381,110,382,111,382,111,389,105,389,104,390,104,391,92,391,92,387,91,386,90,386,90,380,89,379,87,379,87,372,86,371,85,371,85,365,84,364,82,364,82,357,81,356,80,356
87,287,89,287,90,286,90,280,91,280,92,279,92,277,94,277,95,276,95,270,96,270,97,269,97,267,99,267,100,266,100,262,101,262,102,261,102,260,104,260,105,259,105,257,106,257,107,256,107,255,109,255,110,254,110,252,111,252,112,251,112,250,121,250,121,251,122,252,126,252,126,254,127,255,131,255,131,259,130,259,129,260,129,261,127,261,126,262,126,264,125,264,124,265,124,266,122,266,121,267,121,269,120,269,119,270,119,274,117,274,116,275,116,276,115,276,114,277,114,281,112,281,111,282,111,289,110,289,109,290,109,294,100,294,100,292,99,291,92,291,92,290,91,289,87,289
102,407,104,407,105,406,105,405,119,405,119,406,120,407,121,407,121,409,122,410,124,410,124,411,125,412,126,412,126,416,127,417,129,417,129,421,130,422,131,422,131,424,132,425,134,425,134,426,135,427,136,427,136,431,137,432,139,432,139,434,140,435,141,435,141,436,142,437,144,437,144,439,145,440,146,440,146,441,147,442,151,442,151,444,152,445,154,445,154,446,155,447,156,447,156,449,157,450,159,450,159,454,160,455,161,455,161,456,162,457,164,457,164,459,162,459,161,460,161,461,160,461,159,462,159,464,155,464,154,465,154,466,150,466,150,465,149,464,147,464,147,462,146,461,145,461,145,460,144,459,142,459,142,457,141,456,140,456,140,455,139,454,137,454,137,452,136,451,135,451,135,450,134,449,132,449,132,447,131,446,130,446,130,445,129,444,127,444,127,442,126,441,125,441,125,440,124,439,122,439,122,437,121,436,120,436,120,435,119,434,117,434,117,430,116,429,115,429,115,427,114,426,112,426,112,422,111,421,110,421,110,420,109,419,107,419,107,415,106,414,105,414,105,412,104,411,102,411
165,260,166,260,167,259,167,252,201,252,201,289,202,290,204,290,204,311,205,312,206,312,206,336,207,337,209,337,209,364,210,365,211,365,211,371,210,371,209,372,209,374,175,374,174,375,174,376,172,376,172,375,171,374,170,374,170,345,169,344,167,344,167,320,166,319,165,319
170,382,171,382,172,381,172,380,174,380,174,381,175,382,211,382,211,394,212,395,214,395,214,416,215,417,216,417,216,436,217,437,219,437,219,464,180,464,180,442,179,441,177,441,177,420,176,419,175,419,175,400,174,399,172,399,172,387,171,386,170,386
235,320,236,320,237,319,237,317,251,317,252,316,252,315,259,315,259,316,260,317,276,317,276,341,247,341,247,340,246,339,237,339,237,337,236,336,235,336
237,350,246,350,247,349,247,347,276,347,276,401,277,402,279,402,279,416,277,416,276,417,276,419,265,419,265,417,264,416,240,416,240,382,239,381,237,381
255,482,261,482,262,481,262,480,269,480,270,479,270,477,276,477,277,476,277,475,281,475,282,474,282,472,286,472,287,471,287,470,289,470,290,469,290,467,294,467,295,466,295,465,296,465,297,464,297,462,299,462,300,461,300,460,301,460,302,459,302,457,304,457,305,456,305,455,309,455,310,454,310,450,311,450,312,449,312,447,314,447,315,446,315,445,316,445,317,444,317,440,331,440,331,441,332,442,334,442,334,449,332,449,331,450,331,451,330,451,329,452,329,454,327,454,326,455,326,456,325,456,324,457,324,459,322,459,321,460,321,461,320,461,319,462,319,464,317,464,316,465,316,469,315,469,314,470,314,471,312,471,311,472,311,474,307,474,306,475,306,476,305,476,304,477,304,479,302,479,301,480,301,481,297,481,296,482,296,484,290,484,289,485,289,486,282,486,281,487,281,489,275,489,274,490,274,491,265,491,264,492,264,494,260,494,260,492,259,491,257,491,257,487,256,486,255,486
307,282,309,282,310,281,310,280,314,280,315,279,315,277,324,277,324,279,325,280,326,280,326,281,327,282,329,282,329,286,330,287,331,287,331,289,332,290,334,290,334,291,335,292,336,292,336,296,337,297,339,297,339,304,340,305,341,305,341,311,342,312,344,312,344,316,345,317,346,317,346,321,347,322,349,322,349,324,340,324,339,325,339,326,330,326,330,322,329,321,327,321,327,317,326,316,325,316,325,310,324,309,322,309,322,305,321,304,320,304,320,302,319,301,317,301,317,297,316,296,315,296,315,295,314,294,312,294,312,290,311,289,310,289,310,285,309,284,307,284
325,430,326,430,327,429,327,427,329,427,330,426,330,422,331,422,332,421,332,415,339,415,339,416,340,417,349,417,349,421,347,421,346,422,346,426,345,426,344,427,344,431,342,431,341,432,341,434,340,434,339,435,339,436,330,436,330,435,329,434,325,434
337,337,346,337,347,336,347,335,351,335,351,339,352,340,354,340,354,346,355,347,356,347,356,361,357,362,359,362,359,366,345,366,344,367,344,371,342,371,342,360,341,359,340,359,340,347,339,346,337,346
337,400,339,400,340,399,340,387,341,387,342,386,342,377,359,377,359,386,357,386,356,387,356,401,355,401,354,402,354,406,352,406,351,407,351,409,350,409,350,407,349,406,342,406,342,405,341,404,337,404
