23,198,27,198,28,198,28,196,50,196,51,195,51,193,69,193,69,198,69,198,71,198,71,203,72,204,74,204,74,208,74,209,76,209,76,219,77,219,79,219,79,227,80,227,81,227,81,232,82,233,84,233,84,237,85,238,87,238,87,245,87,246,89,246,89,251,90,251,92,251,92,256,92,257,94,257,94,261,95,262,97,262,97,264,98,265,100,265,100,266,100,267,102,267,102,269,103,270,105,270,105,272,105,272,107,272,107,274,108,275,110,275,110,277,110,278,112,278,112,280,113,280,118,280,118,282,118,283,120,283,120,285,121,286,123,286,123,288,123,288,125,288,125,290,126,291,128,291,128,293,129,294,130,294,130,296,131,296,133,296,133,298,134,299,138,299,138,301,139,302,141,302,141,304,141,304,146,304,146,306,147,307,149,307,149,309,149,310,151,310,151,312,152,312,159,312,159,314,160,315,161,315,161,319,162,320,164,320,164,322,162,322,161,323,161,325,160,325,159,325,159,327,157,327,156,328,156,330,152,330,151,331,151,333,149,333,149,333,149,335,147,335,146,336,146,338,144,338,143,339,143,341,141,341,141,341,141,343,139,343,138,344,138,346,136,346,136,347,136,351,134,351,133,352,133,354,131,354,130,355,130,357,126,357,126,355,125,354,121,354,121,352,120,351,116,351,116,349,115,349,113,349,113,347,112,346,110,346,110,344,110,343,108,343,108,341,107,341,103,341,103,339,102,338,100,338,100,336,100,335,98,335,98,333,97,333,95,333,95,331,94,330,90,330,90,328,89,327,87,327,87,325,87,325,85,325,85,323,84,322,82,322,82,320,81,319,80,319,80,318,79,317,74,317,74,315,74,314,72,314,72,312,71,312,69,312,69,310,69,309,67,309,67,307,66,306,61,306,61,304,61,304,54,304,54,302,53,301,51,301,51,299,50,298,49,298,49,294,48,293,46,293,46,291,45,290,43,290,43,288,43,288,41,288,41,286,40,285,38,285,38,278,38,277,36,277,36,257,35,256,33,256,33,238,32,237,30,237,30,225,30,224,28,224,28,214,27,213,25,213,25,206,25,206,23,206
36,135,38,135,38,134,38,132,40,132,41,131,41,129,43,129,43,129,43,127,45,127,46,126,46,124,48,124,49,123,49,119,50,119,51,118,51,113,53,113,54,113,54,108,56,108,56,107,56,106,58,106,59,105,59,100,61,100,61,100,61,95,63,95,64,94,64,90,66,90,67,89,67,87,69,87,69,86,69,84,71,84,72,84,72,82,74,82,74,81,74,79,76,79,77,78,77,76,79,76,80,76,80,74,81,74,82,73,82,71,84,71,85,70,85,68,89,68,90,68,90,66,92,66,92,65,92,63,94,63,95,62,95,60,97,60,98,60,98,58,102,58,103,57,103,55,105,55,105,54,105,53,107,53,108,52,108,50,110,50,110,49,110,47,112,47,113,47,113,45,115,45,116,44,116,42,120,42,121,41,121,39,125,39,125,41,126,42,128,42,128,47,129,47,130,47,130,52,131,53,133,53,133,57,134,58,136,58,136,60,136,60,138,60,138,62,139,63,141,63,141,65,141,66,143,66,143,70,144,71,146,71,146,73,147,74,149,74,149,76,149,76,151,76,151,78,152,79,154,79,154,86,152,86,151,87,151,89,149,89,149,90,149,92,147,92,146,92,146,94,144,94,143,95,143,97,139,97,138,98,138,100,136,100,136,100,136,102,131,102,130,103,130,105,129,105,128,106,128,107,126,107,125,108,125,110,123,110,123,111,123,113,118,113,118,113,118,115,116,115,115,116,115,118,113,118,112,119,112,121,110,121,110,121,110,126,108,126,107,127,107,129,105,129,105,129,105,131,103,131,102,132,102,134,100,134,100,135,100,137,98,137,97,137,97,142,95,142,94,143,94,147,92,147,92,148,92,150,90,150,89,151,89,155,87,155,87,156,87,158,85,158,84,159,84,163,82,163,81,164,81,166,67,166,67,164,66,163,61,163,61,161,61,160,56,160,56,159,56,158,54,158,54,156,53,155,51,155,51,153,50,153,49,153,49,151,48,150,43,150,43,148,43,147,41,147,41,145,40,145,38,145,38,140,38,139,36,139
118,129,123,129,123,131,123,132,143,132,143,134,144,135,154,135,154,179,154,180,156,180,156,190,121,190,121,185,120,184,118,184
121,204,123,204,123,203,123,201,156,201,156,224,157,225,159,225,159,277,157,277,156,278,156,280,134,280,133,280,133,282,131,282,131,280,130,280,126,280,126,275,125,274,123,274,123,249,123,248,121,248
183,60,185,60,185,60,185,45,192,45,192,47,193,47,216,47,216,49,216,50,218,50,218,52,219,53,221,53,221,81,219,81,218,82,218,84,216,84,216,82,216,81,209,81,208,82,208,84,206,84,206,82,205,81,188,81,187,82,187,84,185,84,185,82,185,81,183,81
185,106,221,106,221,126,221,127,223,127,223,208,224,209,226,209,226,240,227,241,229,241,229,306,229,307,231,307,231,312,229,312,229,312,229,314,227,314,226,315,226,317,203,317,203,315,203,314,190,314,190,230,190,229,188,229,188,180,187,179,185,179
232,132,234,132,234,131,234,124,239,124,239,126,240,127,260,127,260,126,260,124,267,124,267,129,268,129,270,129,270,134,268,134,267,135,267,160,268,161,270,161,270,229,270,230,272,230,272,248,270,248,270,249,270,274,237,274,237,272,236,272,234,272,234,227,234,227,232,227
268,124,270,124,270,123,270,58,298,58,298,60,299,60,309,60,309,171,307,171,306,172,306,174,301,174,301,172,301,171,276,171,276,169,275,168,273,168,273,129,272,129,268,129
273,206,275,206,276,206,276,193,311,193,311,200,312,201,314,201,314,304,312,304,311,304,311,306,312,307,314,307,314,314,312,314,311,315,311,319,304,319,303,320,303,322,291,322,290,323,290,325,283,325,283,325,283,327,278,327,278,325,278,325,276,325,276,241,275,240,273,240
314,196,316,196,317,195,317,180,347,180,347,190,348,190,352,190,352,203,350,203,350,204,350,216,348,216,347,217,347,219,345,219,345,219,345,221,338,221,338,219,337,219,335,219,334,219,334,221,330,221,330,219,329,219,317,219,317,209,316,208,314,208
348,55,378,55,379,54,379,53,383,53,383,54,384,55,386,55,386,176,387,177,389,177,389,200,387,200,386,201,386,203,379,203,378,204,378,206,374,206,373,206,373,208,353,208,353,190,352,190,350,190,350,84,350,84,348,84
350,227,352,227,353,227,353,219,378,219,379,219,379,217,389,217,389,290,389,291,391,291,391,330,389,330,389,331,389,333,379,333,378,333,378,335,361,335,360,336,360,338,353,338,353,333,352,333,350,333
