58,147,59,147,60,146,60,140,61,140,62,140,62,136,64,136,64,135,64,132,66,132,66,131,66,128,68,128,68,127,68,123,70,123,70,123,70,121,72,121,72,121,72,117,74,117,75,117,75,115,76,115,77,114,77,111,78,111,79,110,79,107,80,107,81,106,81,105,82,105,83,104,83,102,84,102,85,102,85,98,86,98,87,98,87,96,89,96,89,96,89,94,93,94,93,96,93,96,97,96,97,98,97,98,101,98,101,100,102,100,103,100,103,102,104,102,105,102,105,106,106,107,107,107,107,108,106,108,105,109,105,112,104,112,103,113,103,114,102,114,101,115,101,119,100,119,99,119,99,123,97,123,97,123,97,125,95,125,95,126,95,129,93,129,93,130,93,131,91,131,91,132,91,135,89,135,89,136,89,140,87,140,86,140,86,142,85,142,84,142,84,146,83,146,82,147,82,154,81,154,80,155,80,163,81,163,82,163,82,171,83,172,84,172,84,175,85,176,86,176,86,177,87,178,89,178,89,182,89,182,91,182,91,184,91,184,93,184,93,188,93,189,95,189,95,190,95,191,97,191,97,192,97,193,99,193,99,196,100,197,101,197,101,198,102,199,103,199,103,201,104,201,105,201,105,203,106,203,107,203,107,205,108,205,109,205,109,211,108,211,107,212,107,213,106,213,105,214,105,215,104,215,103,216,103,217,102,217,101,218,101,219,100,219,99,220,99,222,97,222,97,222,97,224,91,224,91,222,91,222,87,222,87,218,86,217,85,217,85,216,84,215,83,215,83,212,82,211,81,211,81,210,80,209,79,209,79,205,78,205,77,205,77,201,76,201,75,201,75,197,74,196,72,196,72,195,72,194,70,194,70,191,70,190,68,190,68,186,68,186,66,186,66,184,66,184,64,184,64,178,64,177,62,177,62,174,61,173,60,173,60,170,59,169,58,169
122,98,124,98,125,98,125,88,126,88,127,87,127,81,141,81,141,83,141,84,155,84,155,85,156,86,164,86,164,87,164,88,172,88,172,89,172,90,176,90,176,91,177,92,180,92,180,93,181,94,182,94,182,96,183,96,184,96,184,100,185,100,186,100,186,102,187,102,189,102,189,106,189,107,191,107,191,108,191,109,193,109,193,112,193,113,195,113,195,114,195,115,197,115,197,119,197,119,199,119,199,121,200,121,201,121,201,123,202,123,203,123,203,129,204,130,205,130,205,133,204,133,203,134,203,135,200,135,199,136,199,138,193,138,193,138,193,140,185,140,185,138,184,138,183,138,183,136,182,135,181,135,181,132,180,131,179,131,179,130,178,129,177,129,177,128,176,127,175,127,175,126,174,125,172,125,172,123,172,123,170,123,170,119,170,119,168,119,168,117,168,117,166,117,166,115,166,114,164,114,164,113,164,112,162,112,162,111,161,110,160,110,160,109,159,108,156,108,156,107,155,106,141,106,141,105,141,104,131,104,131,102,130,102,125,102,125,100,124,100,122,100
125,218,126,218,127,217,127,216,128,216,129,215,129,214,130,214,131,213,131,212,143,212,143,211,143,210,149,210,150,209,150,207,157,207,158,207,158,205,161,205,162,205,162,203,166,203,166,203,166,201,170,201,170,201,170,197,172,197,172,196,172,195,174,195,175,194,175,191,176,191,177,190,177,189,178,189,179,188,179,184,180,184,181,184,181,180,182,180,183,180,183,174,184,174,185,173,185,170,186,170,187,169,187,161,189,161,189,161,189,149,211,149,211,159,210,159,209,159,209,165,208,165,207,165,207,173,206,173,205,174,205,180,204,180,203,180,203,186,202,186,201,186,201,192,200,192,199,193,199,196,197,196,197,197,197,201,195,201,195,201,195,205,193,205,193,205,193,209,191,209,191,210,191,213,189,213,189,214,189,215,187,215,186,216,186,217,185,217,184,218,184,219,183,219,182,220,182,222,179,222,178,222,178,224,172,224,172,224,172,226,166,226,166,226,166,228,154,228,153,228,153,230,145,230,145,231,145,232,135,232,134,233,134,234,127,234,127,233,126,232,125,232
222,56,239,56,239,58,239,58,241,58,241,72,241,73,243,73,243,75,241,75,241,75,241,114,239,114,239,115,239,152,235,152,234,153,234,154,225,154,225,153,224,152,222,152
222,161,224,161,225,161,225,159,226,159,226,161,227,161,234,161,235,161,235,159,239,159,239,161,239,161,241,161,241,228,241,228,243,228,243,234,241,234,241,235,241,236,241,237,243,237,243,238,243,239,245,239,245,240,243,240,243,241,243,245,241,245,241,245,241,249,241,249,243,249,243,255,241,255,241,256,241,257,222,257
241,75,243,75,243,75,243,73,247,73,247,75,247,75,251,75,252,75,252,73,257,73,257,75,258,75,259,75,259,89,260,90,261,90,261,93,260,93,259,94,259,146,260,147,261,147,261,148,260,148,259,149,259,152,258,152,257,153,257,154,241,154
241,161,255,161,256,161,256,159,257,159,257,161,258,161,259,161,259,177,260,178,261,178,261,180,260,180,259,180,259,194,260,195,261,195,261,198,260,198,259,199,259,238,258,238,257,239,257,240,245,240,245,239,245,238,243,238,243,237,243,236,241,236,241,235,243,235,243,234,243,228,243,228,241,228,241,216,243,216,243,215,243,184,243,184,241,184,241,182,243,182,243,182,243,178,243,177,241,177,241,176,243,176,243,175,243,165,243,165,241,165
260,94,261,94,262,93,262,90,266,90,266,91,266,92,272,92,272,91,272,90,276,90,276,91,277,92,278,92,278,188,279,189,280,189,280,224,262,224,262,178,261,177,260,177,260,149,261,149,262,148,262,147,261,146,260,146
289,52,297,52,297,51,297,50,309,50,309,106,308,106,307,107,307,144,293,144,293,144,293,146,291,146,291,144,291,144,289,144,289,123,291,123,291,123,291,90,291,89,289,89
289,151,309,151,309,228,310,228,311,228,311,238,310,238,309,239,309,255,310,256,311,256,311,261,310,261,309,262,309,264,302,264,302,262,301,261,293,261,293,262,293,264,289,264
314,52,316,52,316,51,316,50,318,50,318,51,318,52,328,52,328,87,327,87,326,88,326,89,327,90,328,90,328,91,327,91,326,92,326,93,320,93,320,92,320,91,314,91
314,98,328,98,328,150,316,150,316,149,316,148,314,148
314,155,324,155,324,156,325,157,328,157,328,173,329,174,330,174,330,182,329,182,328,182,328,226,325,226,324,226,324,228,316,228,316,159,316,159,314,159
316,233,318,233,318,232,318,231,328,231,328,234,329,235,330,235,330,259,327,259,326,260,326,261,316,261
