0,924,9,924,12,921,12,852,21,852,24,849,24,744,33,744,36,741,36,696,45,696,48,693,48,636,57,636,61,633,61,588,70,588,73,585,73,528,82,528,85,525,85,480,94,480,97,477,97,444,106,444,109,441,109,372,118,372,122,369,122,324,131,324,134,321,134,288,143,288,146,285,146,264,155,264,158,261,158,228,167,228,170,225,170,204,179,204,183,201,183,168,192,168,195,165,195,132,204,132,207,129,207,108,216,108,219,105,219,96,253,96,253,105,256,108,265,108,265,117,268,120,289,120,289,129,292,132,326,132,326,141,329,144,338,144,338,153,341,156,362,156,362,165,366,168,375,168,375,189,366,189,362,192,362,213,353,213,350,216,350,249,341,249,338,252,338,285,329,285,326,288,326,321,317,321,314,324,314,357,305,357,301,360,301,393,292,393,289,396,289,429,280,429,277,432,277,477,268,477,265,480,265,513,256,513,253,516,253,537,244,537,240,540,240,573,231,573,228,576,228,597,219,597,216,600,216,633,207,633,204,636,204,657,195,657,192,660,192,717,183,717,179,720,179,777,170,777,167,780,167,861,158,861,155,864,155,981,146,981,143,984,143,1101,134,1101,131,1104,131,1437,134,1440,143,1440,143,1497,134,1497,131,1500,131,1509,36,1509,36,1500,33,1497,12,1497,12,1440,9,1437,0,1437
24,1548,94,1548,97,1545,97,1536,143,1536,143,1605,146,1608,155,1608,155,1689,158,1692,167,1692,167,1761,170,1764,179,1764,179,1797,183,1800,192,1800,192,1869,195,1872,204,1872,204,1917,207,1920,216,1920,216,1965,219,1968,228,1968,228,2001,231,2004,240,2004,240,2037,244,2040,253,2040,253,2073,256,2076,265,2076,265,2097,268,2100,277,2100,277,2133,280,2136,289,2136,289,2169,292,2172,301,2172,301,2205,305,2208,314,2208,314,2241,317,2244,326,2244,326,2277,329,2280,338,2280,338,2313,341,2316,350,2316,350,2349,353,2352,362,2352,362,2373,366,2376,375,2376,375,2409,378,2412,387,2412,387,2421,390,2424,399,2424,399,2457,402,2460,411,2460,411,2481,414,2484,423,2484,423,2505,427,2508,436,2508,436,2541,439,2544,448,2544,448,2553,451,2556,460,2556,460,2577,463,2580,472,2580,472,2601,475,2604,484,2604,484,2637,451,2637,448,2640,448,2649,427,2649,423,2652,423,2661,402,2661,399,2664,399,2673,378,2673,375,2676,375,2685,366,2685,362,2688,362,2697,353,2697,353,2688,350,2685,341,2685,341,2676,338,2673,329,2673,329,2652,326,2649,317,2649,317,2628,314,2625,305,2625,305,2604,301,2601,292,2601,292,2580,289,2577,280,2577,280,2556,277,2553,268,2553,268,2532,265,2529,256,2529,256,2508,253,2505,244,2505,244,2484,240,2481,231,2481,231,2460,228,2457,219,2457,219,2436,216,2433,207,2433,207,2424,204,2421,195,2421,195,2400,192,2397,183,2397,183,2376,179,2373,170,2373,170,2352,167,2349,158,2349,158,2328,155,2325,146,2325,146,2304,143,2301,134,2301,134,2268,131,2265,122,2265,122,2244,118,2241,109,2241,109,2208,106,2205,97,2205,97,2160,94,2157,85,2157,85,2100,82,2097,73,2097,73,2040,70,2037,61,2037,61,1980,57,1977,48,1977,48,1824,45,1821,36,1821,36,1716,33,1713,24,1713
622,972,777,972,777,1197,780,1200,789,1200,789,1665,707,1665,704,1668,704,1677,634,1677,634,1140,631,1137,622,1137
805,1152,826,1152,826,1161,829,1164,850,1164,850,1233,854,1236,863,1236,863,1401,817,1401,817,1392,814,1389,805,1389
817,1404,826,1404,826,1413,829,1416,838,1416,841,1413,841,1404,863,1404,863,1485,817,1485
1000,2856,1046,2856,1046,2865,1049,2868,1058,2868,1058,3081,1049,3081,1046,3084,1046,3093,1000,3093,1000,3048,1009,3048,1012,3045,1012,3012,1009,3009,1000,3009
1037,2676,1046,2676,1049,2673,1049,2664,1058,2664,1058,2673,1061,2676,1094,2676,1094,2925,1085,2925,1082,2928,1082,2937,1085,2940,1094,2940,1094,3105,1049,3105,1049,3084,1058,3084,1061,3081,1061,2868,1058,2865,1049,2865,1049,2688,1046,2685,1037,2685
1098,2676,1143,2676,1143,2901,1098,2901
1220,2436,1229,2436,1232,2433,1232,2352,1314,2352,1314,2553,1232,2553,1232,2544,1229,2541,1220,2541
1232,3144,1241,3144,1244,3141,1244,2988,1253,2988,1256,2985,1256,2748,1265,2748,1268,2745,1268,2676,1277,2676,1281,2673,1281,2664,1399,2664,1399,2673,1403,2676,1424,2676,1424,3261,1232,3261
1329,2376,1351,2376,1351,2385,1354,2388,1363,2388,1363,2529,1354,2529,1351,2532,1351,2541,1342,2541,1342,2532,1338,2529,1329,2529
1354,2364,1363,2364,1366,2361,1366,2340,1375,2340,1375,2349,1378,2352,1387,2352,1387,2481,1378,2481,1375,2484,1375,2493,1366,2493,1366,2460,1375,2460,1378,2457,1378,2448,1375,2445,1366,2445,1366,2388,1363,2385,1354,2385
1512,2760,1521,2760,1525,2757,1525,2748,1631,2748,1631,2937,1622,2937,1619,2940,1619,3249,1610,3249,1607,3252,1607,3261,1512,3261
