44,141,45,141,46,141,46,131,47,131,48,131,48,123,49,123,50,122,50,115,51,115,52,114,52,108,54,108,54,108,54,104,56,104,56,104,56,100,58,100,58,100,58,96,60,96,60,96,60,92,62,92,63,92,63,88,64,88,65,87,65,84,66,84,67,83,67,80,68,80,69,79,69,78,70,78,71,77,71,74,72,74,73,73,73,69,75,69,75,69,75,61,77,61,77,61,77,59,79,59,79,61,79,61,83,61,83,63,84,63,85,63,85,65,86,65,89,65,89,67,90,67,93,67,93,77,92,77,91,78,91,81,90,81,89,82,89,87,88,87,87,88,87,92,86,92,85,92,85,94,84,94,83,94,83,98,81,98,81,98,81,102,79,102,79,102,79,106,77,106,77,106,77,108,75,108,75,108,75,114,73,114,72,115,72,120,71,120,70,121,70,126,69,126,68,127,68,135,67,135,66,135,66,143,65,143,64,143,64,149,63,149,62,150,62,153,60,153,60,154,60,157,46,157,46,156,45,155,44,155
44,199,58,199,58,198,58,197,62,197,62,198,63,199,64,199,64,207,65,207,66,207,66,215,67,215,68,215,68,219,69,220,70,220,70,223,71,224,72,224,72,229,73,230,75,230,75,235,75,236,77,236,77,240,75,240,75,240,75,242,73,242,72,242,72,244,69,244,68,244,68,246,60,246,60,244,60,244,58,244,58,240,58,240,56,240,56,234,56,233,54,233,54,230,54,229,52,229,52,226,51,225,50,225,50,217,49,217,48,217,48,209,47,209,46,209,46,203,45,203,44,203
84,250,85,250,86,250,86,220,87,220,88,219,88,207,89,207,90,207,90,191,91,191,92,190,92,176,93,176,94,176,94,148,96,148,96,147,96,133,98,133,98,133,98,113,100,113,100,112,100,94,102,94,102,94,102,74,104,74,105,73,105,63,106,63,107,63,107,34,110,34,110,36,111,37,129,37,129,38,130,39,142,39,142,40,142,41,148,41,148,42,149,43,163,43,163,42,163,41,165,41,165,40,165,32,167,32,168,32,168,24,169,24,170,24,170,16,171,16,172,15,172,8,173,8,174,7,174,6,186,6,186,22,184,22,184,22,184,32,184,32,186,32,186,36,186,37,188,37,189,36,189,34,192,34,192,36,193,37,198,37,198,42,199,43,201,43,201,112,199,112,198,113,198,126,199,127,201,127,201,133,199,133,198,133,198,141,197,141,196,141,196,151,195,151,194,152,194,159,195,160,196,160,196,184,195,184,194,185,194,194,193,194,192,195,192,215,191,215,190,215,190,231,189,231,188,232,188,262,180,262,180,263,180,264,178,264,177,265,177,266,172,266,171,267,171,268,163,268,163,267,163,266,151,266,151,265,150,264,138,264,138,263,138,262,111,262,111,261,110,260,86,260,86,252,85,252,84,252
161,306,175,306,175,316,176,316,177,316,177,330,178,331,180,331,180,340,180,341,182,341,182,351,182,351,184,351,184,355,170,355,170,347,169,347,168,347,168,339,167,338,165,338,165,329,165,328,163,328,163,312,163,312,161,312
168,269,171,269,172,268,172,267,177,267,178,266,178,265,180,265,180,264,180,263,188,263,188,264,189,265,190,265,190,281,191,281,192,281,192,287,184,287,184,287,184,289,174,289,174,287,173,287,172,287,172,281,171,281,170,281,170,271,169,270,168,270
180,392,190,392,190,396,191,396,192,396,192,406,193,407,194,407,194,419,193,419,193,417,192,416,186,416,186,417,186,419,182,419,182,411,182,410,180,410
182,318,194,318,194,320,195,320,196,320,196,334,197,335,198,335,198,347,199,347,201,347,201,357,201,357,203,357,203,369,191,369,191,368,190,367,189,367,189,355,188,355,186,355,186,343,186,342,184,342,184,333,184,332,182,332
191,454,203,454,203,460,203,460,205,460,205,470,205,470,207,470,207,478,207,479,209,479,209,482,199,482,198,483,198,484,197,484,197,483,196,482,195,482,195,472,194,472,193,472,193,458,192,458,191,458
195,392,205,392,205,392,205,390,207,390,207,392,207,392,209,392,209,402,210,403,211,403,211,414,212,415,213,415,213,429,214,429,215,429,215,437,203,437,203,431,203,431,201,431,201,419,201,419,199,419,199,409,198,408,197,408,197,396,196,396,195,396
197,485,209,485,209,493,210,493,211,493,211,501,212,501,213,501,213,509,201,509,201,505,201,505,199,505,199,493,198,493,197,493
210,464,219,464,219,466,220,466,222,466,222,476,222,477,224,477,224,484,224,485,226,485,226,495,226,495,228,495,228,499,216,499,216,497,215,497,214,497,214,483,213,482,212,482,212,470,211,470,210,470
