120,521,123,521,124,520,124,507,126,507,127,506,127,486,130,486,131,485,131,462,133,462,134,461,134,458,133,457,131,457,131,416,130,415,127,415,127,413,130,413,131,412,131,406,179,406,179,408,180,409,197,409,197,412,198,413,201,413,201,471,198,471,197,472,197,485,194,485,194,486,194,496,191,496,190,497,190,506,187,506,186,507,186,517,184,517,183,518,183,527,180,527,179,528,179,548,177,548,176,549,176,566,177,567,179,567,179,587,180,588,183,588,183,594,180,594,179,595,179,597,166,597,165,598,165,601,145,601,144,602,144,604,131,604,131,602,130,601,127,601,127,584,126,583,124,583,124,567,123,566,120,566
159,850,176,850,176,853,177,854,179,854,179,881,180,882,183,882,184,881,184,878,186,878,187,877,187,871,190,871,190,884,187,884,186,885,186,888,170,888,170,885,169,884,163,884,163,875,162,874,159,874,159,868,162,868,163,867,163,864,162,863,159,863
163,889,169,889,169,891,170,892,176,892,177,891,177,889,186,889,186,912,187,913,190,913,190,923,187,923,186,924,186,933,184,933,184,927,183,926,170,926,170,924,169,923,166,923,166,899,165,898,163,898
184,549,186,549,187,548,187,539,190,539,191,538,191,535,194,535,194,534,194,528,197,528,198,527,198,521,201,521,201,520,201,514,204,514,205,513,205,493,208,493,209,492,209,483,236,483,236,485,237,486,257,486,257,489,258,490,271,490,271,492,272,493,275,493,275,506,272,506,271,507,271,513,269,513,268,514,268,517,265,517,264,518,264,524,262,524,261,525,261,531,258,531,257,532,257,541,255,541,254,542,254,552,251,552,250,553,250,562,248,562,247,563,247,576,244,576,243,577,243,580,187,580,187,574,186,573,184,573
184,934,186,934,187,933,187,924,190,924,191,923,191,913,190,912,187,912,187,885,190,885,191,884,191,871,194,871,194,874,194,875,240,875,240,874,240,871,247,871,247,874,248,875,250,875,250,923,251,924,254,924,254,940,255,941,257,941,257,954,258,955,261,955,261,968,262,969,264,969,264,975,265,976,268,976,268,993,269,994,271,994,271,1000,269,1000,268,1001,268,1003,269,1004,271,1004,271,1007,194,1007,194,997,194,996,191,996,191,980,190,979,187,979,187,955,186,954,184,954
205,77,208,77,209,76,209,73,233,73,233,76,233,77,236,77,236,79,237,80,240,80,240,93,237,93,236,94,236,139,233,139,233,140,233,142,219,142,218,143,218,146,212,146,212,143,211,142,209,142,209,94,208,93,205,93
272,185,296,185,296,233,297,234,300,234,300,275,297,275,296,276,296,282,276,282,276,252,275,251,272,251
276,287,296,287,296,300,297,301,300,301,300,370,279,370,279,343,279,342,276,342
279,374,293,374,294,373,294,371,296,371,296,373,297,374,300,374,300,384,297,384,296,385,296,401,297,402,300,402,300,415,279,415
279,633,282,633,283,632,283,609,296,609,296,611,297,612,300,612,300,629,297,629,296,630,296,646,297,647,300,647,300,657,297,657,296,658,296,660,283,660,283,658,282,657,279,657
283,665,296,665,296,671,297,672,300,672,300,695,283,695
283,696,300,696,300,720,297,720,296,721,296,723,283,723
297,430,321,430,321,457,304,457,304,455,303,454,297,454
