21,113,23,113,23,113,23,109,25,109,26,109,26,105,27,105,28,104,28,100,29,100,30,100,30,98,32,98,32,98,32,94,38,94,38,96,39,96,40,96,40,100,41,100,42,100,42,102,43,103,45,103,45,104,45,105,47,105,47,106,47,107,49,107,49,111,50,111,51,111,51,143,52,143,53,143,53,151,54,152,56,152,56,156,56,156,58,156,58,156,58,154,64,154,65,154,65,152,71,152,71,154,71,154,73,154,73,175,69,175,69,176,69,177,67,177,66,178,66,179,65,179,64,180,64,188,65,189,66,189,66,190,65,190,64,191,64,192,65,193,66,193,66,194,65,194,64,195,64,197,63,197,62,197,62,199,60,199,60,199,60,201,58,201,58,201,58,203,56,203,56,204,56,205,54,205,53,206,53,207,52,207,51,208,51,209,47,209,47,208,47,207,45,207,45,206,45,205,43,205,43,201,42,201,41,201,41,197,40,197,39,197,39,193,38,192,36,192,36,189,36,188,34,188,34,180,34,179,32,179,32,174,32,173,30,173,30,167,29,167,28,167,28,156,27,156,26,156,26,148,25,147,23,147,23,139,23,139,21,139
45,274,49,274,49,278,50,279,51,279,52,278,52,277,60,277,60,278,60,279,62,279,62,283,63,283,64,283,64,285,65,285,66,285,66,287,67,287,69,287,69,289,69,290,71,290,71,293,71,294,73,294,73,298,73,298,75,298,75,300,76,300,77,300,77,304,78,305,79,305,79,310,78,310,77,311,77,313,76,313,75,313,75,315,71,315,71,315,71,317,63,317,62,317,62,319,58,319,58,317,58,317,56,317,56,315,56,315,54,315,54,311,53,310,52,310,52,309,51,308,50,308,50,300,49,300,47,300,47,290,47,289,45,289
54,103,64,103,64,104,65,105,66,105,66,117,67,118,69,118,69,124,69,124,71,124,71,132,69,132,69,133,69,134,69,135,73,135,73,136,71,136,71,137,71,149,60,149,60,150,60,151,58,151,58,150,58,149,56,149,56,146,58,146,58,145,58,143,58,143,56,143,56,131,56,130,54,130
65,180,66,180,67,179,67,178,69,178,69,177,69,176,75,176,75,177,76,178,77,178,77,188,78,189,79,189,79,192,78,192,77,193,77,197,71,197,71,195,71,194,67,194,67,193,66,192,65,192,65,191,66,191,67,190,67,189,66,188,65,188
69,85,71,85,71,85,71,83,75,83,75,89,76,90,77,90,77,100,78,100,79,100,79,121,80,122,82,122,82,130,80,130,79,131,79,132,78,132,78,131,77,130,76,130,75,131,75,132,71,132,71,124,71,124,69,124
71,137,73,137,73,136,73,135,77,135,78,134,78,133,79,133,80,132,80,131,82,131,82,141,82,141,84,141,84,162,84,163,86,163,86,175,78,175,78,165,77,164,76,164,76,150,75,149,73,149,73,139,73,139,71,139
87,262,92,262,92,263,93,264,99,264,99,265,100,266,101,266,101,276,102,277,103,277,103,293,104,294,106,294,106,313,100,313,99,313,99,315,91,315,91,311,90,310,89,310,89,287,88,287,87,287
91,315,103,315,104,315,104,313,106,313,106,315,106,315,108,315,108,323,108,324,110,324,110,356,106,356,106,354,106,353,95,353,95,339,95,338,93,338,93,324,92,323,91,323
102,75,119,75,119,76,119,77,125,77,125,109,126,109,127,109,127,117,126,117,125,118,125,119,121,119,121,118,121,117,117,117,116,118,116,119,106,119,106,92,106,91,104,91,104,79,103,78,102,78
108,305,110,305,110,304,110,302,116,302,116,315,117,315,119,315,119,334,113,334,113,328,112,328,110,328,110,320,110,319,108,319
108,131,110,131,110,132,110,133,119,133,119,132,119,131,125,131,125,132,126,133,127,133,127,136,128,137,129,137,129,156,130,156,132,156,132,169,132,169,134,169,134,186,134,186,136,186,136,209,137,210,138,210,138,229,130,229,130,227,129,227,117,227,117,210,116,209,115,209,115,193,114,192,113,192,113,178,112,177,110,177,110,150,110,149,108,149
128,70,129,70,130,70,130,68,151,68,151,89,152,90,153,90,153,117,154,118,156,118,156,136,156,137,158,137,158,145,156,145,156,146,156,147,137,147,137,146,136,145,134,145,134,124,134,124,132,124,132,109,132,109,130,109,130,77,129,76,128,76
132,305,134,305,134,304,134,294,136,294,137,293,137,292,138,292,139,291,139,290,140,290,141,289,141,287,143,287,143,287,143,285,145,285,145,285,145,283,147,283,147,283,147,281,149,281,150,280,150,279,156,279,156,283,156,283,158,283,158,289,158,290,160,290,160,291,158,291,158,292,158,293,154,293,153,294,153,295,152,295,151,296,151,298,150,298,149,298,149,300,147,300,147,300,147,308,145,308,145,309,145,323,132,323
132,328,134,328,134,328,134,326,145,326,145,328,145,328,147,328,147,334,147,335,149,335,149,338,150,339,151,339,151,343,152,343,153,343,153,347,154,348,156,348,156,351,156,352,158,352,158,353,158,354,160,354,160,356,160,356,162,356,162,358,163,358,164,358,164,360,165,360,166,360,166,368,165,368,164,369,164,371,158,371,158,369,158,368,156,368,156,367,156,366,154,366,154,365,153,364,152,364,152,363,151,362,150,362,150,360,149,360,147,360,147,358,147,358,145,358,145,356,145,356,143,356,143,352,143,351,141,351,141,348,140,347,139,347,139,341,138,341,137,341,137,337,136,336,134,336,134,330,134,330,132,330
158,68,160,68,160,68,160,66,179,66,179,72,180,73,182,73,182,115,182,116,184,116,184,119,165,119,164,120,164,121,163,121,163,120,162,119,160,119,160,103,160,102,158,102
195,294,197,294,197,293,197,290,199,290,200,289,200,287,206,287,206,289,206,290,208,290,208,291,208,292,212,292,212,293,213,294,214,294,214,295,215,296,216,296,216,298,217,298,219,298,219,300,219,300,221,300,221,304,221,305,223,305,223,306,221,306,221,307,221,308,217,308,216,309,216,310,215,310,214,311,214,313,210,313,210,311,210,310,208,310,208,309,208,308,206,308,206,307,206,306,204,306,204,305,203,304,202,304,202,302,201,302,200,302,200,300,199,300,197,300,197,298,197,298,195,298
202,373,206,373,206,373,206,371,208,371,208,371,208,369,212,369,213,368,213,367,214,367,215,366,215,365,216,365,217,364,217,360,219,360,219,360,219,354,221,354,221,353,221,343,234,343,234,345,234,345,236,345,236,349,234,349,234,350,234,364,232,364,232,365,232,371,230,371,230,371,230,373,228,373,227,373,227,375,226,375,225,375,225,377,224,377,223,378,223,379,219,379,219,380,219,381,215,381,214,382,214,383,206,383,206,382,206,381,204,381,204,378,203,377,202,377
213,313,216,313,217,313,217,311,221,311,221,310,221,307,223,307,223,308,224,309,225,309,225,313,226,313,227,313,227,317,228,317,230,317,230,323,230,324,232,324,232,332,232,332,234,332,234,338,221,338,221,332,221,332,219,332,219,326,219,325,217,325,217,322,216,321,215,321,215,317,214,317,213,317
219,148,240,148,240,160,241,161,243,161,243,188,243,189,245,189,245,201,243,201,243,201,243,229,241,229,240,229,240,231,221,231,221,223,223,223,224,222,224,199,223,199,221,199,221,189,223,189,224,188,224,186,223,186,221,186,221,161,221,160,219,160
254,410,256,410,256,409,256,397,258,397,258,396,258,341,260,341,261,341,261,337,262,337,263,336,263,335,269,335,269,334,269,332,275,332,275,334,276,335,277,335,277,343,278,343,280,343,280,388,278,388,277,388,277,407,276,407,275,408,275,416,269,416,269,414,269,414,256,414,256,412,256,411,254,411
261,133,262,133,263,132,263,128,269,128,269,130,269,131,277,131,278,130,278,128,280,128,280,130,280,131,282,131,282,147,280,147,280,148,280,197,280,197,282,197,282,222,280,222,280,223,280,225,263,225,263,223,262,222,261,222
284,378,286,378,287,377,287,360,295,360,295,362,295,363,299,363,299,368,297,368,297,369,297,386,287,386,287,384,286,383,284,383
284,395,297,395,297,411,293,411,293,412,293,414,284,414
284,197,286,197,287,197,287,148,293,148,293,149,293,150,299,150,300,149,300,148,306,148,306,194,304,194,303,195,303,214,297,214,297,212,297,212,287,212,287,201,286,201,284,201
287,309,288,309,289,308,289,300,301,300,301,313,300,313,299,313,299,315,287,315
287,317,299,317,299,349,287,349
