253,564,256,564,257,563,257,550,280,550,280,582,281,583,284,583,284,605,262,605,262,597,261,596,257,596,257,583,256,582,253,582
328,652,331,652,332,651,332,611,336,611,337,609,337,583,341,583,341,586,342,587,359,587,359,614,356,614,355,615,355,656,351,656,350,657,350,670,337,670,337,666,336,665,328,665
342,560,359,560,359,563,360,564,364,564,364,577,360,577,359,578,359,582,351,582,351,578,350,577,342,577
342,527,345,527,346,526,346,481,350,481,351,480,351,476,355,476,355,480,356,481,373,481,373,498,370,498,369,500,369,503,370,504,373,504,373,508,370,508,369,509,369,526,365,526,364,527,364,554,342,554
356,615,359,615,360,614,360,578,364,578,365,577,365,564,364,563,360,563,360,555,364,555,365,554,365,527,369,527,370,526,370,509,383,509,383,521,379,521,378,523,378,568,375,568,373,569,373,605,370,605,369,606,369,637,356,637
389,268,401,268,403,267,403,263,406,263,406,267,407,268,411,268,411,290,412,291,416,291,416,299,412,299,411,300,411,304,393,304,393,287,392,285,389,285
421,912,425,912,426,910,426,856,514,856,514,957,510,957,509,958,509,961,431,961,430,962,430,971,421,971
421,972,430,972,430,975,431,976,439,976,439,980,440,981,472,981,472,984,473,986,481,986,482,984,482,981,509,981,509,984,510,986,514,986,514,998,421,998
492,694,495,694,496,693,496,685,523,685,523,688,525,689,537,689,537,693,539,694,547,694,547,697,548,699,551,699,551,702,553,703,570,703,570,721,567,721,566,722,566,725,553,725,553,722,551,721,543,721,543,717,542,716,534,716,534,712,533,711,525,711,525,708,523,707,510,707,510,703,509,702,496,702,496,699,495,697,492,697
543,907,594,907,595,906,595,888,598,888,600,887,600,870,603,870,604,869,604,865,608,865,608,869,609,870,622,870,622,892,618,892,617,893,617,952,614,952,612,953,612,957,581,957,581,953,580,952,548,952,548,935,547,934,543,934
604,800,608,800,609,799,609,796,617,796,618,795,618,791,631,791,631,841,632,842,636,842,636,859,609,859,609,810,608,809,604,809
