266,457,272,457,274,455,274,337,279,337,281,335,281,315,287,315,288,313,288,285,294,285,296,283,296,277,301,277,301,283,303,285,338,285,338,328,333,328,331,330,331,350,325,350,324,352,324,425,318,425,316,427,316,478,274,478,274,472,272,470,266,470
266,510,287,510,287,515,288,517,316,517,316,643,318,645,324,645,324,710,325,712,331,712,331,770,333,772,338,772,338,815,340,817,346,817,346,823,340,823,338,825,338,830,296,830,296,802,294,800,288,800,288,772,287,770,281,770,281,727,279,725,274,725,274,652,272,650,266,650
348,405,353,405,355,403,355,345,361,345,362,343,362,255,368,255,370,253,370,232,420,232,420,245,422,247,427,247,427,260,429,262,442,262,442,275,444,277,450,277,450,298,444,298,442,300,442,358,444,360,450,360,450,418,451,420,457,420,457,433,451,433,450,435,450,470,451,472,457,472,457,523,451,523,450,525,450,575,451,577,457,577,457,673,451,673,450,675,450,733,444,733,442,735,442,830,444,832,450,832,450,860,451,862,457,862,457,883,451,883,450,885,450,898,444,898,442,900,442,913,437,913,437,907,435,905,422,905,422,900,420,898,407,898,407,892,405,890,385,890,385,877,383,875,377,875,377,825,375,823,370,823,370,780,368,778,362,778,362,690,361,688,355,688,355,630,353,628,348,628
437,915,442,915,444,913,444,900,450,900,451,898,451,885,457,885,459,883,459,772,457,770,451,770,451,757,457,757,459,755,459,322,457,320,451,320,451,277,450,275,444,275,444,232,450,232,451,230,451,172,457,172,459,170,459,165,472,165,472,170,474,172,553,172,553,560,555,562,561,562,561,875,555,875,553,877,553,950,548,950,546,952,546,973,540,973,538,975,538,980,474,980,472,982,472,988,459,988,459,982,457,980,451,980,451,975,450,973,444,973,444,967,442,965,437,965
703,90,716,90,718,88,718,82,753,82,753,88,755,90,775,90,775,185,718,185,718,180,716,178,711,178,711,172,716,172,718,170,718,165,716,163,711,163,711,135,709,133,703,133
718,202,775,202,775,328,718,328
822,570,827,570,829,568,829,517,835,517,837,515,837,510,864,510,864,515,866,517,916,517,916,718,911,718,909,720,909,778,911,780,916,780,916,793,911,793,909,795,909,1033,911,1035,916,1035,916,1040,911,1040,909,1042,909,1048,822,1048
933,1005,938,1005,940,1003,940,667,946,667,948,665,948,637,946,635,940,635,940,562,975,562,975,568,977,570,1035,570,1035,575,1037,577,1042,577,1042,665,1037,665,1035,667,1035,800,1029,800,1027,802,1027,988,1029,990,1035,990,1035,1025,970,1025,970,1020,968,1018,948,1018,946,1020,946,1025,940,1025,940,1020,938,1018,933,1018
1088,892,1094,892,1096,890,1096,810,1101,810,1103,808,1103,735,1109,735,1111,733,1111,727,1153,727,1153,748,1155,750,1168,750,1168,770,1162,770,1161,772,1161,860,1155,860,1153,862,1153,965,1148,965,1146,967,1146,980,1140,980,1138,982,1138,988,1133,988,1133,982,1131,980,1096,980,1096,975,1094,973,1088,973,1088,952,1094,952,1096,950,1096,922,1094,920,1088,920
1096,667,1101,667,1103,665,1103,585,1109,585,1111,583,1111,525,1168,525,1168,590,1170,592,1175,592,1175,598,1170,598,1168,600,1168,650,1162,650,1161,652,1161,695,1155,695,1153,697,1153,703,1125,703,1125,697,1124,695,1103,695,1103,690,1101,688,1096,688
1111,382,1116,382,1118,380,1118,337,1168,337,1168,470,1162,470,1161,472,1161,478,1133,478,1131,480,1131,485,1125,485,1125,480,1124,478,1118,478,1118,472,1116,470,1111,470
1140,982,1146,982,1148,980,1148,967,1153,967,1155,965,1155,862,1161,862,1162,860,1162,772,1168,772,1170,770,1170,765,1190,765,1190,770,1192,772,1220,772,1220,950,1214,950,1212,952,1212,1033,1155,1033,1155,1027,1153,1025,1148,1025,1148,990,1146,988,1140,988
1162,652,1168,652,1170,650,1170,600,1175,600,1177,598,1177,592,1205,592,1205,598,1207,600,1227,600,1227,755,1222,755,1220,757,1220,763,1207,763,1207,757,1205,755,1177,755,1175,757,1175,763,1170,763,1170,750,1168,748,1162,748
1170,315,1175,315,1177,313,1177,285,1242,285,1242,343,1237,343,1235,345,1235,455,1229,455,1227,457,1227,470,1177,470,1177,345,1175,343,1170,343
