96,447,100,447,102,446,102,408,107,408,108,407,108,356,120,356,120,361,121,363,145,363,145,394,140,394,139,395,139,439,134,439,132,441,132,478,134,480,139,480,139,484,115,484,113,486,113,491,108,491,108,486,107,484,102,484,102,467,100,465,96,465
198,188,203,188,204,186,204,162,209,162,211,160,211,129,216,129,217,128,217,25,222,25,224,24,224,0,337,0,337,24,332,24,331,25,331,56,326,56,324,58,324,108,320,108,318,110,318,134,313,134,312,136,312,160,307,160,305,162,305,186,300,186,299,188,299,205,294,205,292,207,292,218,288,218,286,220,286,225,268,225,267,227,267,231,256,231,254,233,254,238,204,238,204,233,203,231,198,231
204,888,222,888,222,893,224,895,267,895,267,1036,204,1036
230,609,235,609,236,608,236,577,241,577,243,575,243,551,248,551,249,549,249,519,254,519,256,517,256,454,260,454,262,452,262,337,260,335,256,335,256,311,312,311,313,309,313,304,369,304,369,387,371,389,376,389,376,452,371,452,369,454,369,517,364,517,363,519,363,556,358,556,356,557,356,582,352,582,350,583,350,627,345,627,344,629,344,686,339,686,337,687,337,699,339,700,344,700,344,770,345,772,350,772,350,796,352,797,356,797,356,809,352,809,350,810,350,815,307,815,307,810,305,809,256,809,254,810,254,815,230,815
326,58,331,58,332,56,332,25,337,25,339,24,339,0,427,0,427,11,422,11,420,12,420,56,416,56,414,58,414,95,409,95,408,97,408,128,403,128,401,129,401,141,339,141,337,142,337,147,332,147,332,142,331,141,326,141,326,110,331,110,332,108,332,103,331,102,326,102,326,97,331,97,332,95,332,77,331,76,326,76
352,655,363,655,363,660,364,661,369,661,371,660,371,655,382,655,382,737,384,739,388,739,388,770,358,770,358,759,356,757,352,757
358,622,363,622,364,621,364,596,369,596,371,595,371,590,376,590,376,595,377,596,395,596,395,614,390,614,388,616,388,634,384,634,382,635,382,640,371,640,369,642,369,660,364,660,364,655,363,653,358,653
371,564,376,564,377,562,377,538,395,538,395,543,396,544,408,544,408,562,403,562,401,564,401,582,371,582
377,525,382,525,384,523,384,499,388,499,390,497,390,467,395,467,396,465,396,460,401,460,401,465,403,467,420,467,420,497,416,497,414,499,414,536,409,536,408,538,408,543,396,543,396,538,395,536,377,536
396,356,401,356,403,355,403,350,414,350,414,355,416,356,420,356,420,387,422,389,427,389,427,426,422,426,420,428,420,433,422,434,433,434,433,439,422,439,420,441,420,446,403,446,401,447,401,452,396,452
384,1012,388,1012,390,1010,390,992,395,992,396,990,396,973,401,973,403,971,403,966,408,966,408,971,409,973,440,973,441,971,441,966,504,966,504,984,505,986,510,986,510,990,505,990,504,992,504,1029,499,1029,497,1031,497,1036,384,1036
428,311,459,311,459,368,454,368,452,369,452,374,428,374
428,376,459,376,459,439,435,439,435,434,433,433,428,433
448,123,452,123,454,121,454,90,459,90,460,89,460,0,523,0,523,11,518,11,516,12,516,17,518,19,523,19,523,43,518,43,516,45,516,95,512,95,510,97,510,134,505,134,504,136,504,160,499,160,497,162,497,186,492,186,491,188,491,193,467,193,467,188,465,186,448,186
454,369,459,369,460,368,460,311,484,311,484,446,486,447,491,447,491,452,486,452,484,454,484,458,454,458,454,441,459,441,460,439,460,376,459,374,454,374
454,460,484,460,484,543,480,543,478,544,478,549,454,549
486,311,516,311,516,387,518,389,523,389,523,413,518,413,516,415,516,433,518,434,523,434,523,439,518,439,516,441,516,446,505,446,505,441,504,439,499,439,497,441,497,446,492,446,492,441,491,439,486,439
486,454,491,454,492,452,492,447,516,447,516,458,518,460,523,460,523,478,518,478,516,480,516,536,492,536,492,531,491,530,486,530
659,901,664,901,665,900,665,895,702,895,704,893,704,888,708,888,708,893,710,895,715,895,715,984,716,986,721,986,721,1003,723,1005,728,1005,728,1023,729,1025,734,1025,734,1036,678,1036,678,1025,676,1023,672,1023,672,1005,670,1003,665,1003,665,973,664,971,659,971
723,940,728,940,729,939,729,888,740,888,742,887,742,882,766,882,766,887,768,888,772,888,772,926,774,927,779,927,779,1036,736,1036,736,1025,734,1023,729,1023,729,986,728,984,723,984
768,123,798,123,798,186,768,186
780,895,798,895,798,919,800,921,804,921,804,977,800,977,798,979,798,984,780,984
780,992,804,992,804,1036,780,1036
800,895,824,895,824,926,812,926,811,927,811,932,806,932,806,921,804,919,800,919
800,979,804,979,806,977,806,934,824,934,824,939,825,940,830,940,830,945,825,945,824,947,824,958,825,960,830,960,830,990,825,990,824,992,824,1003,825,1005,830,1005,830,1029,825,1029,824,1031,824,1036,806,1036,806,992,804,990,800,990
953,25,984,25,984,63,979,63,979,58,977,56,953,56
953,64,984,64,984,95,953,95
992,155,996,155,998,154,998,129,1003,129,1004,128,1004,123,1035,123,1035,147,1030,147,1028,149,1028,186,1024,186,1022,188,1022,199,1017,199,1017,194,1016,193,1004,193,1003,194,1003,199,998,199,998,194,996,193,992,193
1017,402,1022,402,1024,400,1024,298,1028,298,1030,296,1030,246,1035,246,1036,244,1036,207,1041,207,1043,205,1043,181,1048,181,1049,180,1049,162,1054,162,1056,160,1056,155,1060,155,1060,160,1062,162,1105,162,1105,167,1107,168,1124,168,1124,193,1120,193,1118,194,1118,238,1113,238,1112,240,1112,296,1107,296,1105,298,1105,361,1100,361,1099,363,1099,446,1094,446,1092,447,1092,458,1088,458,1086,460,1086,465,1075,465,1075,460,1073,458,1049,458,1048,460,1048,465,1043,465,1041,467,1041,471,1036,471,1036,467,1035,465,1024,465,1024,460,1022,458,1017,458
1088,460,1092,460,1094,458,1094,447,1099,447,1100,446,1100,363,1105,363,1107,361,1107,298,1112,298,1113,296,1113,240,1118,240,1120,238,1120,194,1124,194,1126,193,1126,175,1150,175,1150,186,1152,188,1156,188,1156,199,1158,201,1169,201,1169,205,1171,207,1208,207,1208,212,1209,214,1214,214,1214,238,1209,238,1208,240,1208,251,1203,251,1201,253,1201,270,1196,270,1195,272,1195,296,1190,296,1188,298,1188,368,1184,368,1182,369,1182,374,1184,376,1188,376,1188,400,1184,400,1182,402,1182,497,1177,497,1176,499,1176,504,1177,506,1182,506,1182,530,1171,530,1169,531,1169,536,1113,536,1113,531,1112,530,1094,530,1094,467,1092,465,1088,465
1100,817,1105,817,1107,815,1107,772,1124,772,1126,770,1126,765,1144,765,1144,770,1145,772,1150,772,1150,848,1145,848,1144,849,1144,854,1107,854,1107,843,1105,841,1100,841
1158,687,1182,687,1184,686,1184,681,1278,681,1278,867,1273,867,1272,869,1272,913,1273,914,1278,914,1278,984,1273,984,1272,986,1272,1023,1273,1025,1278,1025,1278,1029,1273,1029,1272,1031,1272,1036,1164,1036,1164,1031,1169,1031,1171,1029,1171,979,1169,977,1164,977,1164,720,1163,718,1158,718
