246,610,250,610,252,608,252,557,310,557,310,602,306,602,304,604,304,786,306,788,310,788,310,857,312,859,316,859,316,881,306,881,304,882,304,887,264,887,262,888,262,893,258,893,258,888,256,887,252,887,252,817,250,816,246,816
258,515,262,515,264,514,264,474,268,474,270,472,270,414,274,414,276,413,276,373,280,373,282,371,282,349,286,349,288,348,288,320,292,320,294,318,294,290,298,290,300,288,300,272,316,272,316,277,318,278,346,278,346,282,348,284,358,284,358,306,354,306,352,308,352,330,348,330,346,331,346,354,342,354,340,355,340,377,336,377,334,379,334,407,330,407,328,408,328,460,324,460,322,462,322,502,318,502,316,503,316,531,312,531,310,533,310,537,276,537,276,533,274,531,258,531
258,906,292,906,294,905,294,900,316,900,316,922,318,924,322,924,322,964,324,965,328,965,328,994,330,995,334,995,334,1029,336,1031,340,1031,340,1053,342,1054,346,1054,346,1077,348,1078,352,1078,352,1088,342,1088,340,1090,340,1094,318,1094,316,1096,316,1100,300,1100,298,1102,298,1106,294,1106,294,1102,292,1100,288,1100,288,1078,286,1077,282,1077,282,1060,280,1059,276,1059,276,1037,274,1035,270,1035,270,1007,268,1005,264,1005,264,965,262,964,258,964
384,693,436,693,436,697,438,699,442,699,442,774,444,776,448,776,448,786,450,788,454,788,454,792,450,792,448,794,448,804,444,804,442,805,442,810,396,810,396,805,394,804,390,804,390,800,388,798,384,798
390,497,442,497,442,632,438,632,436,634,436,656,396,656,396,651,394,650,390,650,390,645,394,645,396,644,396,562,394,561,390,561
396,900,400,900,402,899,402,894,424,894,424,899,426,900,436,900,436,911,438,912,442,912,442,946,438,946,436,948,436,952,396,952
444,497,448,497,448,502,450,503,490,503,490,508,492,509,496,509,496,591,492,591,490,592,490,685,444,685,444,651,448,651,450,650,450,622,448,620,444,620
444,699,454,699,454,703,456,705,478,705,478,709,480,711,490,711,490,768,492,770,496,770,496,780,492,780,490,782,490,786,474,786,472,788,472,792,456,792,456,788,454,786,450,786,450,776,448,774,444,774
450,438,454,438,456,437,456,432,460,432,462,431,462,426,484,426,484,484,480,484,478,485,478,490,462,490,462,485,460,484,450,484
450,930,454,930,456,928,456,900,460,900,462,899,462,894,478,894,478,899,480,900,484,900,484,905,486,906,490,906,490,946,450,946
576,248,580,248,582,247,582,242,598,242,598,247,600,248,604,248,606,247,606,242,646,242,646,247,648,248,652,248,652,306,642,306,640,308,640,312,588,312,588,308,586,306,582,306,582,260,580,259,576,259
570,426,574,426,576,425,576,331,580,331,582,330,582,325,616,325,618,324,618,320,646,320,646,324,648,325,652,325,652,330,654,331,658,331,658,336,660,337,664,337,664,342,660,342,658,343,658,413,654,413,652,414,652,442,654,444,658,444,658,454,654,454,652,456,652,620,594,620,594,616,592,614,582,614,582,509,580,508,576,508,576,456,574,454,570,454
654,414,658,414,660,413,660,343,664,343,666,342,666,337,682,337,682,342,684,343,688,343,690,342,690,337,718,337,718,348,720,349,724,349,724,377,726,379,730,379,730,407,726,407,724,408,724,419,726,420,730,420,730,502,726,502,724,503,724,525,720,525,718,527,718,549,720,551,724,551,724,591,720,591,718,592,718,620,684,620,684,616,682,614,666,614,666,515,664,514,660,514,660,444,658,442,654,442
672,308,676,308,678,306,678,290,682,290,684,288,684,278,688,278,690,277,690,272,694,272,696,271,696,266,712,266,712,271,714,272,718,272,718,282,714,282,712,284,712,294,708,294,706,296,706,318,678,318,678,314,676,312,672,312
732,408,736,408,738,407,738,402,742,402,742,407,744,408,748,408,748,413,750,414,796,414,796,419,798,420,802,420,802,484,804,485,808,485,808,573,780,573,778,574,778,579,744,579,742,580,742,585,738,585,738,580,736,579,732,579
