900,2111,1045,2111,1045,2217,1050,2222,1064,2222,1064,2328,1068,2333,1082,2333,1082,2402,1087,2407,1101,2407,1101,2458,1106,2462,1120,2462,1120,2495,1125,2500,1139,2500,1139,2532,1143,2537,1157,2537,1157,2550,1162,2555,1176,2555,1176,2569,1181,2574,1195,2574,1195,2587,1200,2592,1214,2592,1214,2606,1218,2611,1232,2611,1232,2643,1237,2648,1251,2648,1251,2662,1256,2666,1270,2666,1270,2680,1275,2685,1289,2685,1289,2699,1293,2703,1307,2703,1307,2736,1312,2740,1326,2740,1326,2754,1331,2759,1345,2759,1345,2773,1350,2777,1364,2777,1364,2810,1331,2810,1326,2814,1326,2828,1312,2828,1307,2833,1307,2847,1256,2847,1256,2833,1251,2828,1237,2828,1237,2814,1232,2810,1218,2810,1218,2796,1214,2791,1200,2791,1200,2777,1195,2773,1181,2773,1181,2759,1176,2754,1162,2754,1162,2740,1157,2736,1143,2736,1143,2722,1139,2717,1125,2717,1125,2703,1120,2699,1106,2699,1106,2685,1101,2680,1087,2680,1087,2648,1082,2643,1068,2643,1068,2629,1064,2625,1050,2625,1050,2611,1045,2606,1031,2606,1031,2592,1026,2587,1012,2587,1012,2555,1007,2550,993,2550,993,2518,989,2513,975,2513,975,2462,970,2458,956,2458,956,2351,951,2347,937,2347,937,2259,932,2254,918,2254,918,2166,914,2162,900,2162
937,1907,951,1907,956,1902,956,1851,970,1851,975,1847,975,1814,989,1814,993,1810,993,1777,1007,1777,1012,1773,1012,1740,1045,1740,1045,1754,1050,1759,1082,1759,1082,1773,1087,1777,1120,1777,1120,1791,1125,1796,1139,1796,1139,1847,1125,1847,1120,1851,1120,1865,1106,1865,1101,1870,1101,1902,1087,1902,1082,1907,1082,1958,1068,1958,1064,1962,1064,2050,1050,2050,1045,2055,1045,2069,1012,2069,1012,2055,1007,2050,937,2050
1068,1648,1082,1648,1087,1643,1087,1629,1101,1629,1106,1625,1106,1592,1120,1592,1125,1587,1125,1574,1139,1574,1143,1569,1143,1537,1157,1537,1162,1532,1162,1518,1176,1518,1181,1513,1181,1500,1195,1500,1200,1495,1200,1481,1214,1481,1218,1476,1218,1462,1232,1462,1237,1458,1237,1444,1289,1444,1289,1458,1293,1462,1307,1462,1307,1476,1312,1481,1326,1481,1326,1550,1312,1550,1307,1555,1307,1569,1293,1569,1289,1574,1289,1587,1275,1587,1270,1592,1270,1606,1256,1606,1251,1611,1251,1625,1237,1625,1232,1629,1232,1662,1218,1662,1214,1666,1214,1680,1200,1680,1195,1685,1195,1717,1181,1717,1176,1722,1176,1736,1143,1736,1143,1722,1139,1717,1125,1717,1125,1703,1120,1699,1106,1699,1106,1685,1101,1680,1068,1680
2025,1259,2076,1259,2076,1273,2081,1277,2095,1277,2095,1384,2100,1388,2114,1388,2114,1402,2025,1402
2025,1425,2095,1425,2095,1439,2100,1444,2114,1444,2114,1458,2100,1458,2095,1462,2095,1532,2081,1532,2076,1537,2076,1550,2043,1550,2039,1555,2039,1569,2025,1569
2025,1574,2039,1574,2043,1569,2043,1555,2076,1555,2076,1569,2081,1574,2095,1574,2095,1717,2043,1717,2039,1722,2039,1736,2025,1736
2025,1740,2095,1740,2095,1939,2043,1939,2043,1907,2039,1902,2025,1902
2006,2314,2020,2314,2025,2310,2025,2166,2095,2166,2095,2328,2006,2328
2006,2370,2020,2370,2025,2365,2025,2351,2095,2351,2095,2476,2006,2476,2006,2462,2020,2462,2025,2458,2025,2388,2020,2384,2006,2384
2025,2500,2076,2500,2076,2513,2081,2518,2095,2518,2095,2680,2025,2680
2006,2722,2020,2722,2025,2717,2025,2703,2095,2703,2095,2847,2006,2847,2006,2796,2020,2796,2025,2791,2025,2740,2020,2736,2006,2736
2100,1259,2170,1259,2175,1254,2175,1240,2207,1240,2207,1328,2193,1328,2189,1333,2189,1365,2193,1370,2207,1370,2207,1384,2193,1384,2189,1388,2189,1402,2118,1402,2118,1333,2114,1328,2100,1328
2100,1425,2114,1425,2118,1421,2118,1407,2132,1407,2132,1421,2137,1425,2189,1425,2189,1550,2118,1550,2118,1444,2114,1439,2100,1439
2100,1703,2114,1703,2118,1699,2118,1555,2189,1555,2189,1717,2137,1717,2132,1722,2132,1736,2118,1736,2118,1722,2114,1717,2100,1717
2118,1740,2151,1740,2156,1736,2156,1722,2189,1722,2189,1865,2137,1865,2137,1851,2132,1847,2118,1847
2118,2000,2132,2000,2137,1995,2137,1981,2151,1981,2151,1995,2156,2000,2189,2000,2189,2180,2137,2180,2137,2018,2132,2013,2118,2013
2118,2222,2132,2222,2137,2217,2137,2185,2189,2185,2189,2810,2193,2814,2207,2814,2207,3032,2137,3032,2137,2777,2132,2773,2118,2773,2118,2703,2132,2703,2137,2699,2137,2648,2132,2643,2118,2643,2118,2537,2132,2537,2137,2532,2137,2481,2132,2476,2118,2476
2231,1666,2264,1666,2268,1662,2268,1648,2282,1648,2282,1662,2287,1666,2301,1666,2301,1884,2231,1884,2231,1851,2245,1851,2250,1847,2250,1759,2245,1754,2231,1754
2250,2314,2282,2314,2287,2310,2287,2296,2301,2296,2301,2606,2287,2606,2282,2611,2282,2643,2250,2643
