15,600,20,600,22,598,22,548,73,548,73,583,67,583,65,585,65,627,60,627,58,629,58,664,45,664,43,666,43,672,15,672
75,755,80,755,82,753,82,718,110,718,110,731,105,731,103,733,103,761,97,761,95,762,95,783,75,783
187,651,193,651,195,650,195,622,200,622,202,620,202,577,208,577,210,575,210,548,223,548,223,553,225,555,230,555,230,590,225,590,223,592,223,635,217,635,215,637,215,679,210,679,208,681,208,687,202,687,200,688,200,694,187,694
187,1444,193,1444,195,1442,195,1400,200,1400,202,1398,202,1348,208,1348,210,1346,210,1281,215,1281,217,1279,217,1229,223,1229,225,1227,225,1185,230,1185,232,1183,232,1133,238,1133,240,1131,240,1096,298,1096,298,1190,292,1190,290,1192,290,1235,285,1235,283,1237,283,1309,277,1309,275,1311,275,1316,277,1318,283,1318,283,1331,277,1331,275,1333,275,1361,270,1361,268,1362,268,1405,262,1405,260,1407,260,1435,262,1437,268,1437,268,1450,262,1450,260,1451,260,1472,195,1472,195,1466,193,1464,187,1464
262,1407,268,1407,270,1405,270,1362,275,1362,277,1361,277,1333,283,1333,285,1331,285,1325,350,1325,350,1427,345,1427,343,1429,343,1442,337,1442,335,1444,335,1450,270,1450,270,1437,268,1435,262,1435
285,1237,290,1237,292,1235,292,1192,298,1192,300,1190,300,1096,373,1096,373,1190,367,1190,365,1192,365,1250,360,1250,358,1251,358,1294,352,1294,350,1296,350,1301,285,1301
285,614,290,614,292,612,292,592,298,592,300,590,300,562,305,562,307,561,307,548,313,548,315,546,315,518,320,518,322,516,322,511,335,511,335,516,337,518,365,518,365,524,367,525,395,525,395,546,390,546,388,548,388,568,382,568,380,570,380,598,375,598,373,600,373,627,367,627,365,629,365,716,367,718,373,718,373,768,367,768,365,770,365,783,352,783,350,785,350,790,322,790,320,792,320,798,300,798,300,792,298,790,292,790,292,725,290,724,285,724
315,874,328,874,330,872,330,866,343,866,345,864,345,859,358,859,360,857,360,851,365,851,367,850,367,844,380,844,382,842,382,837,403,837,403,842,405,844,410,844,410,857,412,859,418,859,418,864,420,866,425,866,425,872,427,874,433,874,433,887,435,888,440,888,440,894,442,896,448,896,448,901,450,903,455,903,455,909,457,911,463,911,463,916,465,918,470,918,470,924,472,925,478,925,478,931,480,933,485,933,485,938,487,940,493,940,493,946,495,948,500,948,500,961,502,962,508,962,508,968,510,970,515,970,515,975,517,977,523,977,523,983,525,985,530,985,530,990,532,992,545,992,545,998,547,1000,553,1000,553,1005,555,1007,568,1007,568,1012,570,1014,590,1014,590,1020,592,1022,605,1022,605,1027,607,1029,628,1029,628,1035,630,1037,650,1037,650,1042,652,1044,673,1044,673,1050,675,1051,695,1051,695,1057,697,1059,725,1059,725,1064,727,1066,733,1066,733,1072,735,1074,740,1074,740,1094,742,1096,748,1096,748,1101,742,1101,740,1103,740,1124,735,1124,733,1125,733,1138,727,1138,725,1140,725,1153,720,1153,718,1155,718,1175,712,1175,710,1177,710,1183,690,1183,690,1177,688,1175,675,1175,675,1170,673,1168,652,1168,652,1162,650,1161,637,1161,637,1155,635,1153,607,1153,607,1148,605,1146,592,1146,592,1140,590,1138,577,1138,577,1133,575,1131,555,1131,555,1125,553,1124,532,1124,532,1118,530,1116,517,1116,517,1111,515,1109,495,1109,495,1103,493,1101,480,1101,480,1096,478,1094,465,1094,465,1088,463,1087,457,1087,457,1081,455,1079,450,1079,450,1074,448,1072,435,1072,435,1066,433,1064,427,1064,427,1051,425,1050,420,1050,420,1037,418,1035,412,1035,412,1029,410,1027,405,1027,405,1014,403,1012,397,1012,397,1007,395,1005,390,1005,390,992,388,990,382,990,382,985,380,983,375,983,375,977,373,975,367,975,367,962,365,961,360,961,360,955,358,953,352,953,352,948,350,946,345,946,345,933,343,931,337,931,337,925,335,924,330,924,330,911,328,909,322,909,322,896,320,894,315,894
345,1429,350,1429,352,1427,352,1325,358,1325,360,1324,360,1318,380,1318,380,1324,382,1325,433,1325,433,1383,427,1383,425,1385,425,1442,420,1442,418,1444,418,1450,352,1450,352,1444,350,1442,345,1442
360,1251,365,1251,367,1250,367,1192,373,1192,375,1190,375,1096,448,1096,448,1183,442,1183,440,1185,440,1294,405,1294,403,1296,403,1301,360,1301
360,429,365,429,367,427,367,414,373,414,375,412,375,407,380,407,382,405,382,400,388,400,390,398,390,392,395,392,397,390,397,385,403,385,405,383,405,377,410,377,412,375,412,362,418,362,420,361,420,355,425,355,427,353,427,348,433,348,435,346,435,340,440,340,442,338,442,325,448,325,450,324,450,318,455,318,457,316,457,311,470,311,472,309,472,303,478,303,480,301,480,296,493,296,495,294,495,288,500,288,502,287,502,281,515,281,517,279,517,274,530,274,532,272,532,266,545,266,547,264,547,259,553,259,555,257,555,251,568,251,570,250,570,244,583,244,585,242,585,237,598,237,600,235,600,229,613,229,615,227,615,222,635,222,637,220,637,214,658,214,660,212,660,207,673,207,675,205,675,200,695,200,697,198,697,192,718,192,720,190,720,185,733,185,733,198,735,200,740,200,740,220,742,222,748,222,748,235,750,237,755,237,755,242,742,242,740,244,740,250,720,250,718,251,718,257,705,257,703,259,703,264,690,264,688,266,688,272,675,272,673,274,673,279,660,279,658,281,658,287,645,287,643,288,643,294,637,294,635,296,635,301,622,301,620,303,620,309,607,309,605,311,605,316,592,316,590,318,590,324,577,324,575,325,575,331,562,331,560,333,560,338,555,338,553,340,553,346,540,346,538,348,538,353,532,353,530,355,530,361,525,361,523,362,523,368,517,368,515,370,515,375,510,375,508,377,508,383,502,383,500,385,500,390,495,390,493,392,493,398,487,398,485,400,485,405,480,405,478,407,478,412,472,412,470,414,470,427,465,427,463,429,463,435,457,435,455,437,455,450,450,450,448,451,448,457,442,457,440,459,440,464,435,464,433,466,433,472,427,472,427,466,425,464,412,464,412,459,410,457,390,457,390,451,388,450,375,450,375,444,373,442,360,442
555,207,560,207,562,205,562,162,568,162,570,161,570,140,598,140,598,205,592,205,590,207,590,212,555,212
757,525,763,525,765,524,765,318,770,318,772,316,772,296,830,296,830,309,832,311,838,311,840,309,840,288,845,288,845,361,840,361,838,362,838,390,840,392,845,392,845,450,847,451,853,451,853,472,840,472,838,474,838,842,840,844,845,844,845,968,840,968,838,970,838,975,817,975,815,977,815,983,795,983,793,985,793,990,772,990,772,977,770,975,765,975,765,822,763,820,757,820,757,800,763,800,765,798,765,562,763,561,757,561
847,281,928,281,930,279,930,274,973,274,975,272,975,266,980,266,980,457,982,459,988,459,988,516,990,518,995,518,995,590,997,592,1003,592,1003,775,1005,777,1010,777,1010,894,1012,896,1018,896,1018,961,1005,961,1003,962,1003,968,922,968,920,970,920,975,862,975,862,881,860,879,855,879,855,577,853,575,847,575,847,474,853,474,855,472,855,451,853,450,847,450
1027,688,1048,688,1050,687,1050,681,1078,681,1078,687,1080,688,1085,688,1085,738,1087,740,1093,740,1093,753,1087,753,1085,755,1085,761,1027,761
1042,785,1048,785,1050,783,1050,777,1100,777,1100,827,1065,827,1063,829,1063,835,1057,835,1057,829,1055,827,1050,827,1050,822,1048,820,1042,820
1027,1037,1055,1037,1057,1035,1057,1029,1115,1029,1115,1057,1117,1059,1123,1059,1123,1161,1125,1162,1130,1162,1130,1242,1132,1244,1138,1244,1138,1338,1140,1340,1145,1340,1145,1398,1147,1400,1153,1400,1153,1420,1147,1420,1145,1422,1145,1427,1132,1427,1130,1429,1130,1435,1057,1435,1057,1429,1055,1427,1027,1427,1027,1288,1033,1288,1035,1287,1035,1222,1033,1220,1027,1220
1065,851,1100,851,1100,909,1102,911,1108,911,1108,924,1072,924,1072,918,1070,916,1065,916,1065,903,1070,903,1072,901,1072,896,1070,894,1065,894
