130,360,132,360,133,360,133,346,135,346,136,345,136,332,138,332,139,331,139,323,141,323,142,323,142,315,144,315,145,314,145,309,147,309,147,308,147,306,150,306,150,306,150,303,152,303,153,303,153,301,155,301,156,300,156,295,161,295,162,294,162,289,164,289,165,289,165,286,167,286,168,286,168,284,170,284,171,283,171,281,173,281,174,280,174,278,176,278,176,277,176,275,179,275,179,274,179,272,181,272,182,272,182,269,184,269,185,269,185,267,187,267,188,266,188,264,190,264,191,263,191,261,193,261,194,260,194,258,196,258,197,257,197,255,205,255,205,260,205,261,208,261,208,263,208,264,210,264,210,269,211,269,213,269,213,274,208,274,208,275,208,277,203,277,202,278,202,280,200,280,199,281,199,283,197,283,196,284,196,286,194,286,193,286,193,289,191,289,190,289,190,291,188,291,187,292,187,294,185,294,184,295,184,297,182,297,181,298,181,300,179,300,179,301,179,303,176,303,176,303,176,306,174,306,173,306,173,308,171,308,170,309,170,311,168,311,167,312,167,314,165,314,164,315,164,317,162,317,161,318,161,320,159,320,158,321,158,325,156,325,155,326,155,340,153,340,152,340,152,357,150,357,150,357,150,368,147,368,147,369,147,379,130,379
133,386,144,386,145,385,145,383,147,383,147,385,147,386,150,386,150,394,150,394,152,394,152,405,153,406,155,406,155,414,156,414,158,414,158,419,159,420,161,420,161,425,162,426,164,426,164,428,165,428,167,428,167,431,168,431,170,431,170,436,171,437,173,437,173,442,168,442,167,443,167,445,165,445,164,446,164,448,156,448,156,443,155,442,153,442,153,440,152,439,150,439,150,437,150,436,147,436,147,431,147,431,145,431,145,426,144,425,142,425,142,420,141,419,139,419,139,411,138,411,136,411,136,400,135,399,133,399
171,451,173,451,174,450,174,448,176,448,176,448,176,446,181,446,181,448,182,448,184,448,184,450,185,451,187,451,187,453,188,454,193,454,193,456,194,457,196,457,196,459,197,460,202,460,202,462,203,463,208,463,208,465,208,465,213,465,213,468,214,468,219,468,219,470,220,471,225,471,225,476,223,476,222,477,222,482,220,482,219,482,219,485,217,485,216,485,216,487,214,487,214,485,213,485,208,485,208,482,208,482,200,482,200,480,199,479,194,479,194,477,193,476,188,476,188,474,187,473,185,473,185,471,184,470,182,470,182,468,181,468,179,468,179,465,179,465,176,465,176,463,176,462,174,462,174,460,173,459,171,459
214,255,219,255,220,254,220,252,225,252,226,252,226,250,234,250,234,249,234,247,268,247,268,249,269,250,283,250,283,266,269,266,269,264,268,263,261,263,260,264,260,266,240,266,239,267,239,269,220,269,220,267,219,266,217,266,217,261,216,260,214,260
226,485,228,485,229,485,229,477,231,477,232,476,232,474,239,474,239,476,240,477,254,477,254,479,255,480,257,480,257,482,255,482,254,482,254,490,252,490,251,491,251,493,229,493,229,491,228,490,226,490
258,477,277,477,278,476,278,474,289,474,290,473,290,471,297,471,298,470,298,468,306,468,307,468,307,465,321,465,321,473,321,474,324,474,324,476,321,476,321,477,321,479,319,479,318,480,318,482,316,482,315,482,315,485,310,485,309,485,309,487,298,487,297,488,297,490,290,490,289,491,289,493,278,493,277,494,277,496,258,496
290,261,292,261,292,260,292,255,312,255,312,257,313,258,321,258,321,260,321,261,324,261,324,263,324,264,326,264,326,274,324,274,324,275,324,277,313,277,313,275,312,274,307,274,307,272,306,272,304,272,304,269,303,269,295,269,295,267,295,266,290,266
290,437,292,437,292,436,292,298,295,298,295,297,295,295,315,295,315,297,316,298,321,298,321,297,321,295,326,295,326,308,327,309,329,309,329,445,307,445,307,443,306,442,292,442,292,440,292,439,290,439
342,309,350,309,350,311,350,312,353,312,353,328,342,328
339,349,353,349,353,362,353,363,355,363,355,368,353,368,353,369,353,377,350,377,350,377,350,379,350,380,353,380,353,385,339,385
339,389,341,389,342,388,342,386,350,386,350,388,350,389,353,389,353,391,350,391,350,392,350,408,350,409,355,409,355,411,353,411,353,411,353,428,350,428,350,428,350,433,342,433,342,431,341,431,339,431,339,423,341,423,342,422,342,414,341,414,339,414
353,389,364,389,364,397,365,397,367,397,367,408,365,408,364,409,364,411,356,411,356,409,355,408,353,408
353,329,361,329,361,331,362,332,364,332,364,365,356,365,356,363,355,362,353,362
353,369,355,369,356,368,356,366,364,366,364,371,365,372,367,372,367,377,365,377,364,377,364,385,353,385
365,323,379,323,379,345,374,345,374,343,373,343,371,343,370,343,370,345,368,345,368,332,367,331,365,331
368,346,379,346,379,371,368,371
368,372,379,372,379,394,374,394,374,392,373,391,368,391
365,409,367,409,368,408,368,394,379,394,379,416,377,416,376,417,376,419,368,419,368,417,367,416,365,416
403,318,405,318,406,317,406,306,411,306,411,308,411,309,422,309,422,422,420,422,419,423,419,431,420,431,422,431,422,436,420,436,419,437,419,465,408,465,408,463,408,462,403,462
403,468,405,468,406,468,406,463,408,463,408,468,408,468,419,468,419,493,403,493
406,255,422,255,422,286,420,286,419,286,419,294,420,295,422,295,422,300,420,300,419,301,419,303,406,303
