94,192,97,192,97,191,97,173,100,173,101,172,101,154,103,154,104,153,104,147,116,147,116,149,117,150,126,150,126,153,127,154,129,154,129,159,127,159,126,160,126,166,123,166,123,166,123,178,120,178,119,179,119,191,117,191,116,192,116,210,114,210,113,211,113,230,101,230,100,231,100,233,97,233,97,227,97,226,94,226
91,237,93,237,94,236,94,234,110,234,110,287,110,288,113,288,113,310,114,311,116,311,116,339,107,339,107,336,106,336,101,336,101,317,100,316,97,316,97,295,97,294,94,294,94,259,93,259,91,259
107,131,110,131,110,130,110,125,119,125,120,124,120,121,126,121,126,124,127,125,129,125,130,124,130,121,136,121,136,127,137,128,139,128,139,130,140,131,142,131,142,137,140,137,139,137,139,143,137,143,136,144,136,146,120,146,119,147,119,149,117,149,117,147,116,146,107,146
104,346,106,346,107,345,107,343,132,343,132,345,133,346,136,346,136,355,133,355,132,356,132,371,130,371,129,372,129,374,114,374,114,372,113,371,107,371,107,365,106,364,104,364
120,272,126,272,127,271,127,269,129,269,129,271,130,272,132,272,132,310,120,310
120,192,123,192,123,191,123,179,136,179,136,185,133,185,132,186,132,220,127,220,126,221,126,223,120,223
120,224,126,224,126,226,127,227,129,227,130,226,130,224,132,224,132,268,120,268
195,195,198,195,199,194,199,192,211,192,211,214,212,214,214,214,214,233,212,233,211,234,211,271,199,271,199,214,198,214,195,214
290,234,312,234,313,233,313,231,318,231,318,316,319,317,322,317,322,371,322,372,325,372,325,397,326,397,328,397,328,413,329,413,331,413,331,425,332,426,335,426,335,441,336,442,338,442,338,454,339,455,341,455,341,467,342,468,345,468,345,483,342,483,341,484,341,486,309,486,309,468,309,467,306,467,306,449,305,448,303,448,303,423,302,422,300,422,300,404,299,403,296,403,296,388,296,387,293,387,293,356,292,355,290,355
290,214,292,214,293,214,293,157,296,157,296,156,296,125,299,125,300,124,300,105,302,105,303,105,303,93,305,93,306,92,306,80,309,80,309,79,309,64,312,64,313,63,313,48,315,48,316,47,316,25,318,25,319,24,319,22,325,22,325,24,326,25,338,25,338,28,339,28,348,28,348,31,349,32,354,32,354,47,352,47,351,48,351,63,349,63,348,64,348,72,345,72,345,73,345,82,342,82,341,83,341,95,339,95,338,96,338,105,336,105,335,105,335,117,332,117,331,118,331,133,329,133,328,134,328,162,326,162,325,163,325,194,322,194,322,195,322,220,293,220,293,218,292,217,290,217
352,115,354,115,355,114,355,96,374,96,374,114,371,114,371,115,371,188,352,188
352,211,367,211,368,210,368,208,371,208,371,230,371,231,374,231,374,252,371,252,371,253,371,310,352,310
352,317,371,317,371,400,368,400,367,401,367,413,352,413
