627,1677,684,1677,684,1688,688,1692,699,1692,699,1718,703,1722,715,1722,715,1749,719,1752,745,1752,745,1764,749,1768,761,1768,761,1779,765,1783,837,1783,837,1824,826,1824,822,1828,822,1839,810,1839,807,1843,807,1854,765,1854,765,1843,761,1839,734,1839,734,1828,730,1824,703,1824,703,1813,699,1809,688,1809,688,1798,684,1794,673,1794,673,1783,669,1779,657,1779,657,1752,654,1749,642,1749,642,1707,638,1703,627,1703
657,1465,669,1465,673,1462,673,1450,684,1450,688,1446,688,1420,699,1420,703,1416,703,1405,715,1405,719,1401,719,1390,730,1390,734,1386,734,1375,761,1375,761,1401,765,1405,776,1405,776,1446,765,1446,761,1450,761,1462,749,1462,745,1465,745,1477,734,1477,730,1480,730,1492,719,1492,715,1496,715,1522,673,1522,673,1511,669,1507,657,1507
765,1360,791,1360,795,1356,795,1344,822,1344,826,1341,826,1329,883,1329,883,1386,841,1386,837,1390,837,1401,780,1401,780,1390,776,1386,765,1386
1009,1722,1021,1722,1025,1718,1025,1707,1051,1707,1055,1703,1055,1677,1067,1677,1071,1673,1071,1662,1082,1662,1086,1658,1086,1647,1097,1647,1097,1673,1101,1677,1128,1677,1128,1734,1116,1734,1113,1737,1113,1749,1101,1749,1097,1752,1097,1764,1055,1764,1055,1752,1051,1749,1025,1749,1025,1737,1021,1734,1009,1734
1208,1420,1327,1420,1327,1477,1331,1480,1342,1480,1342,1552,1300,1552,1296,1556,1296,1567,1224,1567,1224,1556,1220,1552,1208,1552
1224,2674,1235,2674,1239,2670,1239,2448,1250,2448,1254,2444,1254,2251,1266,2251,1269,2247,1269,2206,1296,2206,1296,2217,1300,2221,1342,2221,1342,2232,1346,2236,1373,2236,1377,2232,1377,2221,1388,2221,1388,2232,1392,2236,1403,2236,1403,2670,1392,2670,1388,2674,1388,2701,1392,2704,1403,2704,1403,2716,1392,2716,1388,2720,1388,2746,1361,2746,1357,2750,1357,2761,1285,2761,1281,2765,1281,2776,1239,2776,1239,2735,1235,2731,1224,2731
1438,2689,1449,2689,1453,2686,1453,2584,1572,2584,1572,2595,1575,2599,1587,2599,1587,2655,1591,2659,1602,2659,1602,2731,1560,2731,1556,2735,1556,2746,1453,2746,1453,2735,1449,2731,1438,2731
1499,2070,1510,2070,1514,2066,1514,1994,1633,1994,1633,2081,1621,2081,1617,2085,1617,2111,1606,2111,1602,2115,1602,2126,1575,2126,1575,2115,1572,2111,1560,2111,1556,2115,1556,2126,1545,2126,1545,2115,1541,2111,1499,2111
1545,1420,1663,1420,1663,1431,1667,1435,1679,1435,1679,1537,1667,1537,1663,1541,1663,1552,1545,1552
1958,2614,2107,2614,2107,2746,2096,2746,2092,2750,2092,2897,1958,2897
1958,3248,1969,3248,1973,3245,1973,2961,2061,2961,2061,2973,2065,2976,2092,2976,2092,3260,1958,3260
