126,453,128,453,128,453,128,425,130,425,131,425,131,379,133,379,133,379,133,349,135,349,135,348,135,314,137,314,138,314,138,243,140,243,140,242,140,240,154,240,154,242,154,243,158,243,159,242,159,240,163,240,163,242,164,243,177,243,177,249,175,249,175,250,175,265,173,265,172,266,172,291,171,291,170,291,170,318,168,318,168,319,168,337,166,337,165,337,165,355,164,355,163,356,163,379,161,379,161,379,161,395,159,395,158,395,158,397,159,398,161,398,161,404,159,404,158,405,158,448,157,448,156,449,156,464,154,464,154,465,154,467,147,467,147,467,147,469,138,469,137,469,137,471,133,471,133,472,133,473,128,473,128,472,128,471,126,471
147,497,149,497,150,497,150,486,151,486,152,485,152,481,154,481,154,483,154,483,158,483,159,483,159,481,165,481,165,483,166,483,177,483,177,485,178,486,179,486,179,487,180,488,182,488,182,492,182,493,184,493,184,499,147,499
147,162,149,162,150,161,150,145,151,145,152,145,152,134,154,134,154,133,154,111,156,111,157,110,157,53,158,53,159,52,159,50,182,50,182,50,182,48,189,48,189,50,189,50,191,50,191,73,189,73,189,74,189,87,187,87,186,87,186,108,185,108,184,108,184,131,182,131,182,131,182,193,180,193,179,194,179,203,150,203,150,201,149,200,147,200,147,192,149,192,150,191,150,180,149,179,147,179
192,11,193,11,194,10,194,6,205,6,205,8,206,9,210,9,210,10,208,10,208,11,208,27,208,27,210,27,210,36,206,36,205,37,205,38,192,38
189,372,191,372,192,372,192,368,193,368,194,367,194,361,196,361,196,360,196,356,198,356,199,355,199,351,200,351,201,351,201,342,203,342,203,342,203,333,205,333,206,332,206,324,208,324,208,323,208,319,210,319,210,321,210,321,222,321,222,323,222,324,226,324,226,332,225,332,224,333,224,342,222,342,222,342,222,351,220,351,219,351,219,358,217,358,217,358,217,365,215,365,215,365,215,369,213,369,212,370,212,374,210,374,210,375,210,379,208,379,208,379,208,383,206,383,205,384,205,385,201,385,201,384,200,383,196,383,196,381,196,381,192,381,192,379,191,379,189,379
208,6,210,6,210,6,210,4,217,4,217,4,217,2,219,2,219,31,217,31,217,32,217,34,210,34,210,27,210,27,208,27,208,11,210,11,210,10,210,9,210,8,208,8
210,113,212,113,213,112,213,111,222,111,222,110,222,108,224,108,224,115,225,115,226,115,226,119,227,120,229,120,229,124,229,125,231,125,231,133,232,134,233,134,233,147,234,148,236,148,236,170,225,170,224,171,224,173,220,173,220,164,219,163,217,163,217,148,217,147,215,147,215,134,215,133,213,133,213,127,212,126,210,126
206,495,208,495,208,494,208,423,222,423,222,423,222,421,238,421,238,423,239,423,240,423,240,429,239,429,238,430,238,469,239,469,240,469,240,499,206,499
210,305,212,305,213,304,213,293,215,293,215,293,215,277,217,277,217,277,217,270,219,270,219,272,220,273,233,273,233,288,232,288,231,289,231,302,229,302,229,303,229,314,213,314,213,312,212,311,210,311
220,243,222,243,222,242,222,219,231,219,231,221,232,222,233,222,233,226,234,226,236,226,236,258,234,258,233,259,233,260,220,260
222,182,226,182,227,182,227,180,236,180,236,210,234,210,233,210,233,214,232,214,231,215,231,217,222,217
234,0,261,0,261,38,260,38,259,39,259,59,257,59,257,60,257,73,234,73
349,208,358,208,358,207,358,206,360,206,360,207,360,208,362,208,362,228,360,228,360,229,360,230,358,230,358,229,358,228,353,228,353,229,353,230,351,230,351,229,350,228,349,228
349,231,362,231,362,263,356,263,356,261,355,260,353,260,353,261,353,263,351,263,351,261,350,260,349,260
351,263,362,263,362,274,363,275,365,275,365,281,363,281,362,282,362,284,353,284,353,284,353,286,351,286
346,460,348,460,349,460,349,430,350,430,351,429,351,421,362,421,362,423,363,423,365,423,365,441,363,441,362,442,362,469,353,469,353,469,353,471,349,471,349,469,348,469,346,469
