23,142,26,142,27,141,27,130,30,130,31,129,31,123,34,123,35,122,35,115,38,115,39,114,39,111,46,111,47,110,47,107,50,107,51,106,51,103,54,103,55,102,55,100,62,100,63,99,63,96,65,96,66,95,66,92,81,92,81,99,82,100,85,100,85,106,86,107,89,107,89,110,86,110,85,111,85,114,82,114,81,115,81,118,78,118,77,119,77,122,74,122,73,123,73,125,70,125,69,126,69,129,66,129,65,130,65,137,63,137,62,138,62,152,59,152,58,153,58,164,55,164,54,165,54,168,55,169,58,169,58,187,59,188,62,188,62,191,63,192,65,192,65,206,59,206,58,207,58,210,55,210,54,211,54,214,47,214,46,215,46,218,43,218,43,215,42,214,39,214,39,211,38,210,35,210,35,200,34,199,31,199,31,188,30,187,27,187,27,169,26,168,23,168
55,165,58,165,59,164,59,153,62,153,63,152,63,150,69,150,69,152,70,153,73,153,73,168,74,169,77,169,77,187,74,187,73,188,73,191,63,191,63,188,62,187,59,187,59,169,58,168,55,168
63,230,65,230,66,229,66,226,69,226,70,225,70,219,73,219,74,218,74,215,77,215,77,218,78,219,81,219,81,222,82,223,85,223,85,225,86,226,97,226,97,229,98,230,109,230,109,233,110,234,125,234,125,241,126,242,128,242,128,252,126,252,125,253,125,256,122,256,121,257,121,260,114,260,114,257,113,256,94,256,94,253,93,252,82,252,82,250,81,249,74,249,74,246,73,245,70,245,70,242,69,241,66,241,66,238,65,237,63,237
94,84,125,84,125,87,126,88,144,88,144,91,145,92,156,92,156,95,157,96,164,96,164,99,165,100,168,100,168,106,169,107,172,107,172,110,173,111,176,111,176,118,177,119,180,119,180,122,181,123,184,123,184,129,185,130,188,130,188,133,189,134,191,134,191,137,189,137,188,138,188,141,177,141,176,142,176,145,169,145,169,142,168,141,165,141,165,134,164,133,161,133,161,130,160,129,157,129,157,126,156,125,153,125,153,123,152,122,149,122,149,119,148,118,141,118,141,115,140,114,126,114,126,111,125,110,106,110,106,107,105,106,94,106
133,234,136,234,137,233,137,230,144,230,145,229,145,226,148,226,149,225,149,223,156,223,157,222,157,219,160,219,161,218,161,215,164,215,165,214,165,211,168,211,169,210,169,207,172,207,173,206,173,200,176,200,177,199,177,157,176,156,173,156,173,153,176,153,177,152,177,150,180,150,181,149,181,146,191,146,192,145,192,142,195,142,195,156,196,157,199,157,199,206,196,206,195,207,195,218,192,218,191,219,191,222,189,222,188,223,188,225,185,225,184,226,184,229,181,229,180,230,180,233,177,233,176,234,176,237,173,237,172,238,172,241,165,241,164,242,164,245,161,245,160,246,160,249,153,249,152,250,152,252,149,252,148,253,148,256,137,256,137,238,136,237,133,237
330,707,333,707,334,706,334,703,377,703,377,787,350,787,349,788,349,791,346,791,346,788,345,787,342,787,341,788,341,791,334,791,334,726,333,725,330,725
334,796,377,796,377,818,378,819,380,819,380,922,350,922,350,919,349,918,342,918,341,919,341,922,338,922,338,919,337,918,334,918
334,926,380,926,380,991,338,991,338,965,337,964,334,964
389,361,412,361,412,425,389,425
389,430,412,430,412,491,393,491,393,488,392,487,389,487
433,1173,463,1173,463,1199,433,1199
