0,109,6,109,6,111,6,112,8,112,8,140,6,140,6,141,6,147,4,147,3,148,3,149,2,149,1,150,1,152,0,152
31,116,32,116,33,116,33,109,35,109,35,109,35,107,43,107,43,109,44,109,46,109,46,118,44,118,43,118,43,120,33,120,33,118,32,118,31,118
33,228,35,228,35,228,35,226,48,226,48,252,33,252
31,271,32,271,33,270,33,269,35,269,35,270,35,271,48,271,48,286,48,287,50,287,50,344,51,345,52,345,52,347,51,347,50,347,50,349,51,350,55,350,55,351,55,352,57,352,57,353,57,354,59,354,59,358,33,358,33,320,32,320,31,320,31,280,32,280,33,279,33,278,32,277,31,277
80,302,99,302,99,322,100,323,101,323,101,349,102,350,103,350,103,353,95,353,95,354,95,356,91,356,90,356,90,358,82,358,82,356,83,356,84,356,84,354,83,353,82,353,82,350,83,350,84,349,84,347,83,347,82,347,82,316,81,315,80,315
117,112,119,112,120,111,120,96,121,96,122,95,122,94,135,94,135,120,120,120,120,118,119,118,117,118
120,305,121,305,122,304,122,302,132,302,132,304,133,305,135,305,135,306,135,307,137,307,137,311,137,311,139,311,139,358,120,358,120,329,121,329,122,329,122,307,121,306,120,306
255,163,257,163,257,163,257,150,259,150,260,149,260,141,261,141,262,140,262,134,263,134,264,134,264,127,266,127,266,127,266,123,268,123,268,122,268,116,270,116,271,116,271,112,272,112,273,111,273,109,277,109,277,111,277,112,279,112,279,113,280,114,283,114,283,116,284,116,286,116,286,120,284,120,283,121,283,125,282,125,281,125,281,131,280,131,279,132,279,136,277,136,277,136,277,140,275,140,275,141,275,149,273,149,272,150,272,160,271,160,270,161,270,174,268,174,268,175,268,176,255,176
280,100,281,100,282,100,282,98,283,98,284,98,284,94,286,94,286,93,286,91,288,91,288,91,288,87,290,87,291,86,291,85,292,85,293,84,293,83,295,83,295,82,295,80,299,80,300,80,300,78,301,78,302,77,302,76,306,76,306,75,306,74,308,74,308,73,308,71,310,71,311,71,311,69,315,69,315,71,315,71,317,71,317,73,317,74,319,74,319,77,320,78,321,78,321,80,320,80,319,80,319,82,317,82,317,83,317,84,315,84,315,85,315,86,313,86,312,87,312,89,308,89,308,89,308,91,306,91,306,91,306,93,304,93,303,94,303,95,302,95,301,96,301,98,300,98,299,98,299,102,297,102,297,103,297,104,295,104,295,105,295,109,293,109,292,109,292,111,291,111,290,112,290,113,286,113,286,112,286,111,284,111,284,109,283,109,282,109,282,107,281,107,280,107
340,179,341,179,342,178,342,163,357,163,357,169,355,169,355,170,355,203,340,203,340,195,341,195,342,194,342,192,341,192,340,192
373,287,377,287,377,286,377,284,383,284,384,284,384,282,390,282,391,282,391,280,397,280,397,279,397,278,401,278,402,277,402,275,408,275,408,279,408,280,410,280,410,282,411,282,412,282,412,284,413,284,415,284,415,288,413,288,412,289,412,291,408,291,408,291,408,293,406,293,406,293,406,295,400,295,399,296,399,297,391,297,390,298,390,300,382,300,381,300,381,302,377,302,377,300,377,300,375,300,375,296,375,295,373,295
411,273,412,273,413,273,413,271,415,271,415,270,415,269,417,269,417,268,417,267,419,267,420,266,420,264,421,264,422,264,422,262,428,262,428,264,428,264,430,264,430,266,431,267,435,267,435,273,433,273,432,273,432,277,428,277,428,278,428,279,426,279,426,280,426,282,424,282,423,282,423,284,417,284,417,282,417,282,415,282,415,280,415,279,413,279,413,278,412,277,411,277
428,255,430,255,431,255,431,251,432,251,433,250,433,249,435,249,435,248,435,244,437,244,437,244,437,240,439,240,440,239,440,235,441,235,442,235,442,231,443,231,444,230,444,226,446,226,446,226,446,224,448,224,448,223,448,219,450,219,450,221,451,222,455,222,455,223,455,224,457,224,457,226,457,226,463,226,463,232,462,232,461,233,461,235,460,235,459,235,459,239,457,239,457,240,457,246,455,246,455,246,455,250,453,250,452,251,452,255,451,255,450,255,450,257,448,257,448,258,448,261,446,261,446,262,446,264,442,264,441,264,441,266,437,266,437,264,437,264,435,264,435,262,435,261,433,261,433,260,432,259,428,259
446,134,450,134,451,134,451,132,459,132,459,136,460,136,461,136,461,143,462,143,463,143,463,147,464,148,466,148,466,154,466,154,468,154,468,163,468,163,470,163,470,176,471,177,472,177,472,183,471,183,470,183,470,196,468,196,468,197,468,212,466,212,466,213,466,221,457,221,457,219,457,219,451,219,451,217,450,217,448,217,448,213,450,213,451,212,451,199,452,199,453,199,453,163,452,163,451,163,451,154,450,154,448,154,448,145,448,145,446,145
