34,218,35,218,36,217,36,208,37,208,37,207,37,199,39,199,39,199,39,191,42,191,42,192,43,192,49,192,49,194,50,194,51,194,51,200,50,200,49,201,49,207,48,207,47,208,47,214,46,214,46,214,46,238,34,238
34,240,42,240,43,239,43,238,46,238,46,248,46,248,47,248,47,251,46,251,46,251,46,253,37,253,37,253,37,254,34,254
36,257,39,257,39,256,39,255,49,255,49,260,50,260,51,260,51,263,51,263,53,263,53,266,53,267,54,267,54,268,55,268,56,268,56,271,56,272,58,272,58,276,58,277,59,277,59,278,60,279,61,279,61,280,62,280,63,280,63,282,63,282,65,282,65,283,65,284,66,284,66,287,67,287,68,287,68,288,69,289,70,289,70,290,70,290,72,290,72,292,72,292,73,292,73,295,74,295,75,295,75,297,75,297,77,297,77,300,75,300,75,301,75,302,72,302,72,302,72,303,70,303,70,304,70,305,65,305,65,304,65,303,63,303,63,301,63,300,62,300,62,299,61,298,60,298,60,295,59,295,58,295,58,294,58,293,56,293,56,292,56,292,55,292,55,290,54,290,53,290,53,289,53,288,51,288,51,287,51,287,50,287,50,285,49,285,48,285,48,282,47,282,46,282,46,279,46,278,44,278,44,273,44,273,43,273,43,270,42,270,41,270,41,267,40,266,39,266,39,263,39,263,37,263,37,260,37,260,36,260
44,182,46,182,46,182,46,179,47,179,48,178,48,175,49,175,50,175,50,172,51,172,51,172,51,169,53,169,53,168,53,165,54,165,55,165,55,164,56,164,56,163,56,162,58,162,58,161,58,160,59,160,60,160,60,158,61,158,62,158,62,157,63,157,63,156,63,155,65,155,65,155,65,153,70,153,70,155,70,155,72,155,72,156,72,157,73,157,73,158,74,158,77,158,77,161,75,161,75,162,75,163,74,163,73,164,73,165,72,165,72,165,72,167,70,167,70,167,70,168,69,168,68,169,68,170,67,170,66,170,66,172,65,172,65,172,65,173,63,173,63,174,63,175,62,175,61,175,61,178,60,178,59,179,59,180,58,180,58,180,58,185,56,185,56,186,56,187,55,187,54,187,54,192,51,192,51,191,51,190,48,190,48,189,47,188,44,188
75,165,77,165,77,165,77,164,78,164,79,163,79,162,82,162,82,163,82,164,87,164,87,165,87,165,99,165,99,167,100,167,101,167,101,170,100,170,99,170,99,209,98,209,97,209,97,219,98,219,99,219,99,243,98,243,97,243,97,246,93,246,93,245,92,244,79,244,79,243,78,243,77,243,77,235,78,235,79,234,79,216,78,216,77,216,77,180,77,180,75,180
75,289,77,289,77,288,77,253,99,253,99,292,98,292,97,292,97,295,86,295,86,294,85,293,77,293,77,292,77,292,75,292
103,165,122,165,122,187,120,187,120,187,120,195,120,196,122,196,122,197,120,197,120,197,120,214,119,214,118,214,118,216,105,216,105,214,104,214,103,214,103,206,104,206,105,205,105,192,104,192,103,192
103,219,108,219,108,221,108,221,116,221,117,221,117,219,120,219,120,273,120,273,122,273,122,293,106,293,106,280,106,280,105,280,105,243,104,243,103,243
124,167,125,167,125,167,125,147,139,147,139,146,139,145,141,145,141,219,139,219,139,219,139,226,125,226,125,179,125,178,124,178
125,231,127,231,127,231,127,230,139,230,139,231,139,231,141,231,141,254,127,254,127,241,127,241,125,241
125,267,127,267,127,266,127,260,142,260,142,273,141,273,141,273,141,309,129,309,129,307,128,307,127,307,127,295,127,295,125,295
141,169,142,169,143,168,143,167,154,167,154,168,155,169,156,169,156,195,153,195,153,194,153,194,146,194,146,194,146,195,143,195,143,186,142,185,141,185,141,175,142,175,143,175,143,170,142,170,141,170
143,201,144,201,144,200,144,197,147,197,147,199,148,199,151,199,151,199,151,197,156,197,156,199,156,199,158,199,158,200,156,200,156,201,156,224,143,224
143,236,144,236,144,236,144,228,156,228,156,234,156,235,158,235,158,236,156,236,156,236,156,253,156,253,158,253,158,276,158,277,159,277,159,278,158,278,158,279,158,287,144,287,144,250,144,249,143,249
156,197,158,197,158,197,158,180,159,180,160,180,160,179,173,179,173,183,172,183,172,184,172,205,158,205,158,199,158,199,156,199
158,209,173,209,173,221,172,221,172,221,172,278,160,278,160,277,159,276,158,276,158,263,159,263,160,263,160,238,159,238,158,238
175,182,189,182,189,200,188,200,187,201,187,207,188,208,189,208,189,217,189,218,191,218,191,219,189,219,189,219,189,222,181,222,180,223,180,224,175,224
174,228,175,228,175,227,175,226,178,226,178,227,179,228,180,228,181,227,181,226,185,226,185,227,186,228,187,228,187,276,184,276,184,275,184,275,179,275,178,275,178,276,175,276,175,240,175,239,174,239
189,219,191,219,191,219,191,201,204,201,204,232,196,232,196,233,196,234,191,234,191,233,191,232,189,232
191,238,194,238,194,239,194,240,204,240,204,241,205,241,206,241,206,244,205,244,204,245,204,256,203,256,203,257,203,258,191,258
200,179,201,179,201,178,201,177,211,177,211,178,212,179,213,179,213,180,213,180,215,180,215,183,215,184,216,184,216,185,217,186,218,186,218,188,219,189,220,189,220,194,220,194,222,194,222,200,222,201,223,201,223,205,215,205,215,206,215,207,212,207,212,206,211,205,210,205,210,201,210,200,208,200,208,196,208,195,207,195,207,192,206,192,205,192,205,189,204,188,203,188,203,186,203,185,201,185,201,182,201,182,200,182
203,270,204,270,205,270,205,267,206,267,207,266,207,263,208,263,208,263,208,258,210,258,210,258,210,251,211,251,212,251,212,243,216,243,216,244,217,245,223,245,223,246,224,246,225,246,225,249,224,249,223,250,223,258,222,258,222,258,222,265,220,265,220,265,220,268,219,268,218,268,218,271,217,271,216,272,216,273,215,273,215,273,215,276,213,276,213,277,213,278,212,278,211,279,211,280,210,280,210,279,210,278,207,278,207,277,206,276,205,276,205,275,204,275,203,275
212,209,225,209,225,212,225,213,227,213,227,221,219,221,218,221,218,222,215,222,215,221,215,221,213,221,213,213,213,212,212,212
213,224,225,224,225,241,215,241,215,240,215,239,213,239
