7,225,8,225,9,225,9,209,11,209,11,209,11,198,13,198,14,197,14,189,15,189,16,188,16,177,18,177,18,176,18,168,39,168,39,170,39,170,44,170,44,174,42,174,41,175,41,188,39,188,39,189,39,197,37,197,37,198,37,206,35,206,34,207,34,220,32,220,32,221,32,257,32,258,34,258,34,283,35,283,37,283,37,294,37,295,39,295,39,296,37,296,37,297,37,299,18,299,18,299,18,301,14,301,14,299,13,299,11,299,11,297,13,297,14,296,14,295,13,294,11,294,11,272,11,271,9,271,9,246,8,246,7,246
42,239,44,239,44,239,44,237,65,237,65,269,65,269,67,269,67,271,65,271,65,272,65,273,56,273,55,274,55,276,44,276,44,265,44,264,42,264
44,198,46,198,47,197,47,189,48,189,49,188,49,186,51,186,51,188,51,189,62,189,62,190,63,191,67,191,67,193,68,193,72,193,72,200,70,200,69,200,69,211,68,211,67,212,67,232,63,232,63,230,62,229,54,229,53,230,53,232,47,232,47,230,46,229,44,229
47,288,51,288,51,287,51,285,67,285,67,289,68,290,69,290,69,301,70,302,72,302,72,326,72,327,74,327,74,338,75,338,76,338,76,349,77,350,79,350,79,359,77,359,76,359,76,361,75,361,74,361,74,363,70,363,69,364,69,366,65,366,65,364,65,363,61,363,61,355,60,354,58,354,58,345,58,345,56,345,56,336,55,336,54,336,54,325,53,324,51,324,51,313,51,312,49,312,49,302,48,301,47,301
51,168,53,168,54,167,54,161,55,161,56,160,56,152,58,152,58,151,58,145,60,145,61,144,61,138,62,138,63,137,63,129,65,129,65,128,65,122,67,122,68,121,68,115,69,115,70,114,70,110,72,110,72,110,72,108,76,108,76,110,77,110,81,110,81,112,82,112,86,112,86,114,86,115,88,115,88,117,89,117,91,117,91,119,91,119,93,119,93,126,91,126,91,126,91,130,89,130,88,131,88,137,86,137,86,138,86,142,84,142,84,142,84,151,82,151,81,152,81,158,79,158,79,159,79,165,77,165,76,166,76,172,75,172,74,172,74,176,72,176,72,177,72,179,65,179,65,177,65,176,54,176,54,175,53,174,51,174
180,428,194,428,194,442,192,442,192,442,192,451,185,451,185,451,185,453,183,453,183,451,182,451,180,451
312,403,326,403,326,435,314,435,314,408,314,407,312,407
312,440,319,440,319,439,319,438,326,438,326,449,324,449,323,449,323,451,314,451,314,442,314,442,312,442
312,463,314,463,314,462,314,454,326,454,326,478,326,479,328,479,328,488,317,488,317,486,316,485,314,485,314,474,314,474,312,474
329,405,340,405,340,407,340,408,342,408,342,428,340,428,340,428,340,446,340,447,342,447,342,469,331,469,331,468,330,467,329,467,329,449,330,449,331,449,331,447,330,446,329,446
