185,502,188,502,190,501,190,484,193,484,194,483,194,475,197,475,199,474,199,466,202,466,203,465,203,453,207,453,208,452,208,448,216,448,216,452,217,453,220,453,220,456,221,457,225,457,225,470,221,470,220,471,220,478,217,478,216,480,216,487,212,487,211,488,211,523,212,524,216,524,216,536,217,537,220,537,220,554,217,554,216,555,216,558,212,558,211,560,211,563,203,563,203,560,202,558,199,558,199,546,197,545,194,545,194,533,193,532,190,532,190,520,188,518,185,518
217,1031,220,1031,221,1030,221,1008,225,1008,225,1012,226,1013,238,1013,238,1047,217,1047
226,742,229,742,230,741,230,720,234,720,235,718,235,711,238,711,238,718,239,720,243,720,243,723,244,724,247,724,247,754,244,754,243,755,243,763,235,763,235,760,234,758,230,758,230,755,229,754,226,754
235,688,243,688,244,687,244,684,261,684,262,683,262,680,270,680,270,683,271,684,274,684,274,692,271,692,270,693,270,718,266,718,265,720,265,772,262,772,261,773,261,781,253,781,253,777,252,776,239,776,239,764,243,764,244,763,244,755,247,755,248,754,248,724,247,723,244,723,244,720,243,718,239,718,239,711,238,710,235,710
257,831,270,831,270,834,271,835,274,835,274,870,257,870
303,1057,306,1057,307,1056,307,955,324,955,324,958,325,960,347,960,347,1034,343,1034,342,1035,342,1038,343,1040,347,1040,347,1043,343,1043,342,1044,342,1105,339,1105,338,1106,338,1110,303,1110
352,484,378,484,378,532,371,532,371,528,369,527,352,527
402,751,406,751,407,750,407,737,410,737,411,736,411,728,415,728,416,727,416,715,419,715,420,714,420,711,433,711,433,714,434,715,442,715,442,732,438,732,437,733,437,745,434,745,433,746,433,754,429,754,428,755,428,763,425,763,424,764,424,781,425,782,428,782,428,794,429,795,433,795,433,807,434,808,437,808,437,821,438,822,442,822,442,834,438,834,437,835,437,838,429,838,428,840,428,843,420,843,420,840,419,838,416,838,416,826,415,825,411,825,411,813,410,812,407,812,407,800,406,798,402,798
425,488,428,488,429,487,429,484,455,484,455,492,452,492,451,493,451,572,447,572,446,573,446,598,429,598,429,537,428,536,425,536
479,680,483,680,484,678,484,675,505,675,505,678,506,680,510,680,510,687,506,687,505,688,505,696,506,697,510,697,510,710,506,710,505,711,505,714,484,714,484,711,483,710,479,710
