247,613,250,613,252,612,252,577,255,577,256,576,256,542,259,542,261,541,261,528,264,528,265,527,265,520,268,520,270,518,270,506,273,506,274,505,274,493,282,493,282,496,283,497,291,497,291,501,292,502,295,502,295,518,292,518,291,520,291,532,288,532,286,533,286,545,283,545,282,546,282,576,279,576,277,577,277,603,274,603,273,604,273,621,261,621,261,617,259,616,247,616
252,626,255,626,255,630,256,631,273,631,273,674,274,675,277,675,277,696,279,697,282,697,282,705,279,705,277,706,277,710,261,710,261,706,259,705,256,705,256,688,255,687,252,687
261,720,277,720,279,718,279,715,282,715,282,718,283,720,286,720,286,736,288,737,291,737,291,750,292,751,295,751,295,758,297,760,300,760,300,767,301,768,304,768,304,776,306,777,309,777,309,785,310,786,313,786,313,794,315,795,318,795,318,798,319,800,322,800,322,803,319,803,318,804,318,807,297,807,297,804,295,803,292,803,292,795,291,794,288,794,288,786,286,785,283,785,283,777,282,776,279,776,279,764,277,763,274,763,274,755,273,754,270,754,270,742,268,741,265,741,265,724,264,723,261,723
364,511,372,511,372,514,373,515,381,515,382,514,382,511,385,511,385,514,387,515,390,515,390,523,387,523,385,524,385,545,364,545
369,564,385,564,385,581,387,582,390,582,390,585,369,585
369,595,390,595,390,643,387,643,387,640,385,638,373,638,373,622,372,621,369,621
373,644,376,644,376,647,378,648,381,648,382,647,382,644,390,644,390,687,373,687
373,693,390,693,390,705,391,706,394,706,394,714,373,714
373,724,394,724,394,745,396,746,399,746,399,763,378,763,378,728,376,727,373,727
378,768,399,768,399,807,378,807
396,608,412,608,412,656,414,657,417,657,417,665,414,665,412,666,412,670,396,670
396,680,399,680,400,678,400,675,417,675,417,727,409,727,409,724,408,723,400,723,400,697,399,696,396,696
418,586,421,586,423,585,423,582,435,582,435,585,436,586,439,586,439,670,441,671,444,671,444,692,423,692,423,626,421,625,418,625
423,702,444,702,444,754,427,754,427,751,426,750,423,750
