66,459,68,459,68,458,68,393,70,393,71,393,71,371,70,371,68,371,68,330,70,330,71,329,71,255,75,255,76,254,76,252,105,252,105,254,105,255,115,255,115,254,115,252,120,252,120,254,120,255,122,255,122,274,123,274,124,274,124,300,123,300,122,301,122,332,120,332,120,332,120,417,118,417,117,418,117,463,115,463,115,464,115,466,78,466,78,464,78,463,68,463,68,461,68,461,66,461
73,549,75,549,76,548,76,537,78,537,78,536,78,527,80,527,81,526,81,522,85,522,85,524,86,525,90,525,90,526,91,527,95,527,95,534,93,534,92,534,92,543,91,543,90,544,90,560,91,561,92,561,92,568,93,568,95,568,95,573,96,573,97,573,97,575,98,576,100,576,100,580,100,580,102,580,102,587,98,587,97,588,97,590,96,590,95,590,95,592,93,592,92,593,92,594,91,594,91,593,90,592,88,592,88,588,88,587,86,587,86,583,85,582,83,582,83,578,83,577,81,577,81,571,80,570,78,570,78,566,78,565,76,565,76,561,75,560,73,560
83,510,85,510,86,509,86,507,88,507,88,507,88,505,90,505,91,504,91,503,92,503,93,502,93,500,95,500,96,500,96,498,97,498,98,497,98,495,100,495,100,495,100,493,105,493,105,492,105,490,110,490,110,490,110,488,117,488,118,487,118,486,124,486,125,485,125,483,132,483,132,483,132,481,156,481,156,497,132,497,132,498,132,500,128,500,127,500,127,502,123,502,122,503,122,504,120,504,120,505,120,507,118,507,117,507,117,509,113,509,112,510,112,512,110,512,110,512,110,517,108,517,107,517,107,519,105,519,105,520,105,521,100,521,100,522,100,524,93,524,93,522,92,521,91,521,91,520,90,519,88,519,88,517,88,517,83,517
98,600,100,600,100,599,100,597,102,597,103,597,103,595,105,595,105,594,105,590,107,590,108,590,108,588,110,588,110,590,110,590,112,590,112,592,113,593,120,593,120,594,120,595,124,595,124,597,125,597,129,597,129,599,130,600,134,600,134,602,135,602,154,602,154,604,155,605,156,605,156,609,157,610,159,610,159,611,160,612,161,612,161,616,157,616,156,617,156,619,128,619,128,617,127,616,123,616,123,614,122,614,118,614,118,612,117,611,113,611,113,610,112,609,110,609,110,607,110,607,105,607,105,605,105,604,100,604,100,602,100,602,98,602
125,291,127,291,128,291,128,264,129,264,130,264,130,262,132,262,132,261,132,260,152,260,152,261,152,262,161,262,162,261,162,260,169,260,169,261,169,262,174,262,174,264,174,264,176,264,176,337,174,337,174,337,174,376,174,376,176,376,176,412,177,413,179,413,179,432,179,432,181,432,181,446,182,447,184,447,184,461,182,461,181,461,181,463,132,463,132,461,132,461,130,461,130,459,129,458,128,458,128,452,127,451,125,451,125,337,127,337,128,337,128,328,127,327,125,327
160,495,164,495,164,495,164,490,166,490,167,490,167,488,179,488,179,490,179,490,184,490,184,492,184,493,186,493,186,495,187,495,188,495,188,497,189,498,191,498,191,500,192,500,193,500,193,502,194,503,196,503,196,507,197,507,198,507,198,509,199,510,201,510,201,514,199,514,198,515,198,517,194,517,193,517,193,521,192,521,192,520,191,519,189,519,189,517,188,517,187,517,187,512,186,512,184,512,184,510,184,509,179,509,179,507,179,507,177,507,177,505,176,504,174,504,174,503,174,502,169,502,169,500,169,500,164,500,164,498,164,497,160,497
164,600,169,600,169,599,169,597,174,597,174,597,174,595,179,595,179,594,179,593,181,593,182,592,182,590,184,590,184,590,184,588,186,588,187,587,187,583,188,583,189,582,189,580,191,580,192,580,192,576,193,576,194,575,194,573,206,573,206,575,206,576,208,576,208,580,206,580,206,580,206,582,204,582,203,583,203,587,201,587,201,588,201,592,199,592,198,593,198,594,197,594,196,595,196,599,194,599,193,600,193,602,189,602,188,602,188,604,187,604,186,605,186,607,184,607,184,607,184,609,179,609,179,610,179,611,167,611,167,605,166,604,164,604
182,272,184,272,184,271,184,269,191,269,191,271,192,272,221,272,221,271,221,269,225,269,225,271,226,272,228,272,228,305,229,306,230,306,230,429,231,430,233,430,233,439,231,439,230,439,230,446,229,446,228,447,228,449,226,449,225,449,225,451,216,451,216,452,216,453,189,453,189,449,188,449,187,449,187,427,186,427,184,427,184,401,184,400,182,400
192,522,193,522,194,521,194,520,198,520,199,519,199,517,206,517,206,519,206,520,208,520,208,524,209,525,211,525,211,534,211,534,213,534,213,553,201,553,201,551,201,551,199,551,199,539,198,538,197,538,197,532,196,531,194,531,194,527,193,526,192,526
197,559,198,559,199,558,199,551,201,551,201,553,201,554,213,554,213,563,211,563,211,563,211,568,209,568,208,568,208,570,204,570,204,568,203,568,197,568
376,605,378,605,379,604,379,602,381,602,381,604,381,605,383,605,384,604,384,602,385,602,385,604,386,605,388,605,388,641,384,641,383,641,383,643,379,643,379,607,378,607,376,607
