276,533,280,533,282,531,282,497,286,497,288,496,288,468,292,468,294,466,294,450,298,450,300,448,300,438,304,438,306,437,306,420,310,420,312,419,312,414,328,414,328,419,330,420,346,420,346,442,342,442,340,444,340,454,336,454,334,456,334,472,330,472,328,474,328,484,324,484,322,485,322,525,318,525,316,527,316,561,294,561,294,557,292,555,276,555
276,557,292,557,292,561,294,562,316,562,316,650,318,651,322,651,322,674,324,675,328,675,328,691,330,693,334,693,334,703,336,705,340,705,340,721,342,722,346,722,346,739,348,740,352,740,352,751,348,751,346,752,346,757,324,757,322,758,322,762,312,762,312,752,310,751,306,751,306,728,304,727,300,727,300,711,298,709,294,709,294,699,292,697,288,697,288,675,286,674,282,674,282,640,280,638,276,638
372,420,382,420,382,425,384,426,406,426,406,585,378,585,378,456,376,454,372,454
390,640,394,640,396,638,396,634,400,634,400,638,402,640,418,640,418,685,420,687,424,687,424,691,420,691,418,693,418,697,390,697
396,705,418,705,418,745,408,745,406,746,406,751,396,751
408,426,430,426,430,591,408,591
456,408,490,408,490,442,486,442,484,444,484,484,486,485,490,485,490,531,462,531,462,438,460,437,456,437
492,444,496,444,498,442,498,432,502,432,502,437,504,438,514,438,514,472,510,472,508,474,508,478,498,478,498,462,496,460,492,460
552,485,556,485,558,484,558,426,580,426,580,437,582,438,586,438,586,442,582,442,580,444,580,496,552,496
582,503,586,503,588,502,588,438,592,438,594,437,594,432,610,432,610,454,612,456,616,456,616,490,612,490,610,491,610,508,606,508,604,509,604,514,600,514,598,515,598,520,588,520,588,515,586,514,582,514
