48,201,50,201,50,201,50,188,52,188,52,188,52,183,53,183,54,182,54,179,63,179,63,186,61,186,61,187,61,203,60,203,59,203,59,205,54,205,54,203,53,203,48,203
50,207,59,207,59,212,60,212,61,212,61,229,61,229,63,229,63,236,63,237,65,237,65,242,65,242,67,242,67,247,67,248,68,248,68,249,67,249,67,250,67,251,58,251,58,250,57,249,56,249,56,244,55,243,54,243,54,237,53,236,52,236,52,225,52,225,50,225
56,170,57,170,58,169,58,164,59,164,60,164,60,161,61,161,61,160,61,157,63,157,63,156,63,153,65,153,65,153,65,148,67,148,67,147,67,144,68,144,69,143,69,138,70,138,71,138,71,137,72,137,73,136,73,135,74,135,75,134,75,133,76,133,76,132,76,131,78,131,78,131,78,129,80,129,80,129,80,127,82,127,82,127,82,125,83,125,84,125,84,124,85,124,86,123,86,122,87,122,88,121,88,120,89,120,90,119,90,118,91,118,91,118,91,116,93,116,93,116,93,114,95,114,95,114,95,112,98,112,98,114,99,114,100,114,100,116,101,116,102,116,102,118,103,118,104,118,104,121,103,121,102,122,102,123,101,123,100,124,100,125,99,125,98,125,98,127,97,127,97,127,97,129,95,129,95,129,95,131,93,131,93,131,93,132,91,132,91,133,91,134,90,134,89,135,89,136,88,136,87,137,87,138,86,138,85,138,85,140,84,140,83,140,83,142,82,142,82,142,82,143,80,143,80,144,80,147,78,147,78,148,78,151,76,151,76,151,76,156,75,156,74,157,74,160,73,160,72,161,72,164,71,164,70,164,70,166,69,166,68,166,68,169,67,169,67,170,67,173,65,173,65,174,65,175,61,175,61,174,61,173,58,173,58,172,57,171,56,171
69,270,72,270,73,269,73,268,74,268,75,268,75,266,78,266,78,269,78,270,80,270,80,271,80,272,82,272,82,273,82,274,83,274,83,275,84,275,85,275,85,279,86,279,87,279,87,281,88,281,89,281,89,282,90,283,91,283,91,284,91,285,93,285,93,286,93,287,95,287,95,288,95,288,97,288,97,290,97,290,98,290,98,292,99,292,100,292,100,293,101,294,104,294,104,295,105,296,106,296,106,297,106,298,108,298,108,299,108,300,112,300,112,301,112,301,115,301,115,303,116,303,119,303,119,305,120,305,123,305,123,306,123,307,128,307,128,308,129,309,132,309,132,310,133,311,142,311,142,312,142,312,145,312,145,323,136,323,136,322,136,321,131,321,131,320,130,319,125,319,125,318,125,318,120,318,120,316,119,316,116,316,116,314,115,314,112,314,112,312,112,312,108,312,108,311,108,310,105,310,105,309,104,308,103,308,103,307,102,306,99,306,99,305,98,305,95,305,95,303,95,303,93,303,93,301,93,301,91,301,91,300,91,299,88,299,88,298,87,297,86,297,86,296,85,295,84,295,84,294,83,293,82,293,82,292,82,292,80,292,80,288,80,288,78,288,78,287,78,286,76,286,76,283,76,282,75,282,75,281,74,281,73,281,73,277,72,277,71,277,71,275,70,275,69,275
71,200,72,200,73,199,73,172,74,172,75,171,75,170,76,170,76,169,76,168,89,168,90,168,90,164,91,164,91,166,91,166,93,166,93,169,93,170,95,170,95,173,95,174,97,174,97,216,95,216,95,216,95,227,93,227,93,227,93,229,91,229,91,229,91,231,90,231,90,229,89,229,80,229,80,229,80,231,75,231,75,229,74,229,71,229
88,246,89,246,90,245,90,233,91,233,91,232,91,229,93,229,93,229,93,227,95,227,95,227,95,216,97,216,97,216,97,174,97,173,95,173,95,170,95,169,93,169,93,166,93,166,91,166,91,164,91,164,90,164,90,142,91,142,91,142,91,140,93,140,93,142,93,142,100,142,100,143,101,144,117,144,117,145,118,146,125,146,125,166,125,166,127,166,127,173,125,173,125,174,125,195,123,195,123,196,123,210,121,210,121,211,121,268,121,268,123,268,123,281,120,281,119,281,119,282,118,282,118,281,117,281,95,281,95,279,95,279,93,279,93,275,93,275,91,275,91,270,91,269,90,269,90,259,89,258,88,258
103,107,104,107,105,106,105,105,108,105,108,105,108,103,113,103,114,103,114,101,115,101,116,101,116,100,119,100,120,99,120,98,123,98,123,97,123,96,128,96,129,95,129,94,136,94,136,93,136,92,147,92,148,92,148,90,151,90,151,93,151,94,153,94,153,101,151,101,151,101,151,103,142,103,142,103,142,105,133,105,132,105,132,106,127,106,127,107,127,108,125,108,125,109,125,110,121,110,121,111,121,112,116,112,115,112,115,114,114,114,113,114,113,116,108,116,108,114,108,114,106,114,106,111,106,110,103,110
125,205,127,205,127,205,127,196,128,196,129,195,129,192,136,192,136,193,136,194,145,194,145,216,144,216,143,216,143,218,127,218,127,216,127,216,125,216
153,318,155,318,155,318,155,312,158,312,159,312,159,311,164,311,165,310,165,309,172,309,172,308,172,307,179,307,180,306,180,305,187,305,187,305,187,303,190,303,191,303,191,301,194,301,195,301,195,300,198,300,198,299,198,298,200,298,200,299,200,300,202,300,202,301,202,301,203,301,203,305,204,305,205,305,205,306,206,307,207,307,207,308,206,308,205,309,205,310,202,310,202,311,202,312,196,312,196,312,196,314,193,314,192,314,192,316,189,316,188,316,188,318,185,318,185,318,185,319,180,319,179,320,179,321,168,321,168,322,168,323,155,323,155,320,155,319,153,319
161,94,162,94,163,93,163,92,173,92,173,93,174,94,179,94,179,95,180,96,190,96,190,97,191,98,196,98,196,99,196,100,200,100,200,101,200,101,203,101,203,103,204,103,207,103,207,105,208,105,211,105,211,106,211,107,213,107,213,108,213,109,215,109,215,110,215,111,217,111,217,112,217,112,218,112,218,114,219,114,220,114,220,116,221,116,222,116,222,118,223,118,224,118,224,119,225,120,226,120,226,121,226,122,228,122,228,125,228,125,230,125,230,127,230,127,232,127,232,129,232,129,233,129,233,131,234,131,235,131,235,132,236,133,237,133,237,136,238,137,239,137,239,142,234,142,233,142,233,143,226,143,226,142,226,142,225,142,225,140,224,140,223,140,223,138,222,138,221,138,221,135,220,134,219,134,219,133,218,132,217,132,217,131,217,131,215,131,215,129,215,129,213,129,213,127,213,127,211,127,211,125,211,125,210,125,210,124,209,123,208,123,208,122,207,121,206,121,206,120,205,119,202,119,202,118,202,118,200,118,200,116,200,116,196,116,196,114,196,114,193,114,193,112,192,112,189,112,189,111,188,110,183,110,183,109,183,108,176,108,176,107,175,106,172,106,172,105,172,105,165,105,165,103,164,103,161,103
180,279,181,279,181,279,181,277,183,277,183,277,183,274,185,274,185,273,185,272,187,272,187,271,187,270,188,270,189,269,189,268,190,268,191,268,191,266,192,266,193,266,193,264,194,264,195,264,195,262,196,262,196,262,196,261,198,261,198,260,198,257,200,257,200,256,200,255,202,255,202,255,202,251,203,251,204,251,204,246,205,246,206,245,206,240,207,240,208,240,208,235,209,235,210,234,210,229,211,229,211,229,211,227,215,227,215,229,215,229,218,229,218,231,219,231,222,231,222,232,223,233,228,233,228,234,228,235,233,235,233,243,232,243,232,244,232,247,230,247,230,248,230,251,228,251,228,251,228,255,226,255,226,255,226,260,225,260,224,261,224,264,223,264,222,264,222,266,221,266,220,266,220,269,219,269,218,270,218,271,217,271,217,272,217,273,215,273,215,274,215,275,213,275,213,275,213,277,211,277,211,277,211,279,210,279,209,279,209,281,208,281,207,281,207,282,206,282,205,283,205,284,204,284,203,285,203,286,202,286,202,287,202,288,198,288,198,288,198,290,196,290,196,290,196,292,193,292,192,292,192,293,187,293,187,292,187,292,185,292,185,290,185,290,183,290,183,288,183,288,181,288,181,287,181,286,180,286
185,133,187,133,187,132,187,131,188,131,189,131,189,129,190,129,191,129,191,127,194,127,195,127,195,125,203,125,203,127,204,127,205,127,205,129,206,129,207,129,207,132,208,133,209,133,209,134,210,135,211,135,211,136,211,137,213,137,213,140,213,140,215,140,215,143,215,144,217,144,217,145,217,146,218,146,218,149,219,150,220,150,220,151,221,151,222,151,222,153,223,153,224,153,224,155,225,155,226,155,226,160,226,161,228,161,228,164,228,164,230,164,230,169,230,170,232,170,232,175,232,175,233,175,233,181,234,181,235,181,235,186,236,187,237,187,237,193,238,194,239,194,239,206,240,207,241,207,241,208,240,208,239,209,239,210,240,211,241,211,241,216,240,216,239,216,239,225,238,225,237,225,237,227,236,227,235,227,235,229,225,229,225,227,224,227,219,227,219,225,218,225,215,225,215,224,215,223,213,223,213,192,213,192,211,192,211,183,211,182,210,182,210,177,209,177,208,177,208,174,207,173,206,173,206,170,205,169,204,169,204,166,203,166,202,166,202,164,202,164,200,164,200,161,200,160,198,160,198,159,198,158,196,158,196,155,196,155,195,155,195,153,194,153,193,153,193,151,192,151,191,151,191,148,190,147,189,147,189,146,188,145,187,145,187,142,187,142,185,142
204,294,205,294,206,293,206,292,207,292,208,292,208,290,209,290,210,290,210,288,211,288,211,288,211,287,215,287,215,286,215,285,217,285,217,284,217,283,218,283,219,282,219,279,220,279,221,279,221,277,222,277,223,277,223,275,224,275,225,275,225,274,226,274,226,273,226,270,228,270,228,269,228,266,230,266,230,266,230,264,232,264,232,264,232,261,233,261,234,260,234,257,235,257,236,256,236,253,237,253,238,253,238,248,239,248,240,247,240,244,241,244,241,243,241,240,243,240,243,240,243,235,247,235,247,236,247,237,252,237,252,238,253,238,256,238,256,242,255,242,254,242,254,245,253,245,252,246,252,249,251,249,250,250,250,253,249,253,248,253,248,256,247,256,247,257,247,260,245,260,245,261,245,264,243,264,243,264,243,268,241,268,241,268,241,271,240,271,239,272,239,275,238,275,237,275,237,279,236,279,235,279,235,282,234,282,233,283,233,284,232,284,232,285,232,288,230,288,230,288,230,290,228,290,228,290,228,292,226,292,226,292,226,293,225,293,224,294,224,295,223,295,222,296,222,297,219,297,218,298,218,299,217,299,217,300,217,301,215,301,215,301,215,303,213,303,213,303,213,305,211,305,211,303,211,303,210,303,210,301,209,301,208,301,208,300,207,299,206,299,206,298,205,297,204,297
238,162,243,162,243,162,243,161,245,161,245,160,245,159,247,159,247,158,247,157,250,157,250,158,251,159,252,159,252,164,253,164,254,164,254,171,255,172,256,172,256,179,256,179,258,179,258,186,258,187,260,187,260,208,258,208,258,209,258,232,251,232,251,231,250,231,245,231,245,187,245,186,243,186,243,179,243,179,241,179,241,172,241,171,240,171,240,166,239,166,238,166
