39,228,41,228,42,227,42,210,44,210,45,209,45,198,47,198,48,197,48,186,50,186,51,185,51,174,53,174,54,174,54,165,56,165,57,165,57,154,59,154,60,153,60,139,62,139,63,138,63,136,65,136,65,138,66,139,92,139,92,141,93,142,104,142,104,147,102,147,101,148,101,162,99,162,98,162,98,177,96,177,95,177,95,191,93,191,92,192,92,206,90,206,89,207,89,268,90,269,92,269,92,274,90,274,89,275,89,277,72,277,71,278,71,280,60,280,59,281,59,283,39,283
66,115,68,115,69,114,69,109,71,109,72,108,72,100,74,100,75,100,75,94,77,94,78,94,78,85,80,85,81,85,81,77,83,77,84,76,84,71,86,71,87,70,87,65,89,65,90,64,90,59,92,59,93,58,93,56,95,56,96,55,96,50,98,50,99,49,99,44,101,44,102,43,102,38,104,38,105,37,105,32,107,32,108,31,108,26,110,26,111,25,111,23,119,23,119,25,120,26,140,26,140,28,141,29,158,29,158,34,156,34,155,35,155,40,153,40,152,41,152,46,150,46,149,47,149,49,147,49,146,50,146,52,144,52,143,53,143,58,141,58,140,59,140,61,138,61,137,62,137,67,135,67,134,68,134,73,132,73,131,74,131,79,129,79,128,80,128,85,126,85,125,85,125,91,123,91,122,91,122,97,120,97,119,97,119,100,108,100,107,100,107,102,108,103,116,103,116,114,114,114,113,115,113,120,111,120,110,121,110,126,108,126,107,127,107,129,87,129,87,127,86,126,66,126
219,334,221,334,222,334,222,311,224,311,225,310,225,308,242,308,243,307,243,305,251,305,252,304,252,302,254,302,254,304,255,305,257,305,257,340,255,340,254,340,254,345,252,345,251,346,251,348,222,348,222,340,221,340,219,340
228,290,230,290,231,289,231,281,233,281,234,280,234,272,236,272,237,271,237,257,239,257,240,257,240,254,242,254,243,254,243,251,266,251,266,265,264,265,263,266,263,274,261,274,260,275,260,286,258,286,257,287,257,301,252,301,252,299,251,298,231,298,231,296,230,295,228,295
261,322,263,322,264,322,264,320,272,320,272,322,273,322,278,322,278,387,279,388,281,388,281,399,276,399,275,400,275,402,264,402,264,376,263,375,261,375
273,245,275,245,276,245,276,237,278,237,279,236,279,231,281,231,282,230,282,225,284,225,285,224,285,216,287,216,288,215,288,213,290,213,291,212,291,210,299,210,299,212,300,213,308,213,308,215,309,216,311,216,311,218,309,218,308,219,308,224,306,224,305,225,305,230,303,230,302,231,302,239,300,239,299,240,299,242,297,242,296,242,296,248,294,248,293,248,293,257,291,257,290,257,290,262,288,262,287,263,287,265,285,265,284,266,284,268,282,268,282,266,281,265,273,265
357,435,359,435,360,434,360,408,362,408,363,408,363,388,365,388,366,387,366,379,368,379,369,378,369,376,371,376,371,378,372,379,380,379,380,431,378,431,377,432,377,455,357,455
366,361,368,361,369,360,369,281,371,281,372,280,372,263,386,263,386,345,384,345,383,346,383,372,381,372,380,373,380,375,378,375,378,373,377,372,366,372
372,216,374,216,375,215,375,192,389,192,389,242,387,242,386,242,386,260,372,260
387,361,389,361,390,360,390,296,404,296,404,298,405,299,407,299,407,310,405,310,404,311,404,316,405,317,407,317,407,354,405,354,404,355,404,381,387,381
390,263,392,263,393,262,393,248,410,248,410,271,408,271,407,272,407,295,390,295
420,565,422,565,423,565,423,562,440,562,440,600,438,600,437,601,437,612,435,612,434,613,434,615,423,615,423,613,422,612,420,612
456,385,458,385,459,384,459,382,470,382,470,452,471,453,473,453,473,541,471,541,470,542,470,603,471,604,473,604,473,624,459,624,459,622,458,621,456,621,456,545,458,545,459,544,459,527,458,526,456,526
