66,552,69,552,70,551,70,463,74,463,75,462,75,425,79,425,80,424,80,397,83,397,85,396,85,369,88,369,89,368,89,351,98,351,98,354,99,355,117,355,117,359,118,360,150,360,150,387,146,387,145,388,145,410,141,410,140,411,140,438,137,438,136,440,136,480,132,480,131,482,131,509,132,510,136,510,136,527,132,527,131,528,131,569,66,569
70,777,136,777,136,860,137,861,140,861,140,892,141,894,145,894,145,911,146,912,150,912,150,939,151,940,154,940,154,953,132,953,131,954,131,958,89,958,89,926,88,925,85,925,85,903,83,902,80,902,80,880,79,878,75,878,75,828,74,827,70,827
94,313,98,313,99,312,99,294,102,294,104,293,104,276,107,276,108,275,108,252,112,252,113,251,113,234,117,234,118,232,118,215,121,215,123,214,123,196,126,196,127,195,127,182,131,182,132,181,132,168,136,168,137,167,137,154,140,154,141,153,141,140,145,140,146,139,146,131,150,131,151,129,151,117,154,117,156,115,156,107,159,107,160,106,160,93,164,93,165,92,165,79,169,79,170,78,170,65,173,65,175,64,175,46,178,46,179,45,179,37,192,37,192,40,193,42,206,42,206,45,208,46,221,46,221,50,222,51,235,51,235,55,236,56,240,56,240,69,236,69,235,70,235,78,231,78,230,79,230,97,227,97,225,98,225,111,222,111,221,112,221,120,217,120,216,121,216,134,212,134,211,135,211,143,208,143,206,145,206,157,203,157,202,159,202,167,198,167,197,168,197,181,193,181,192,182,192,195,189,195,188,196,188,209,184,209,183,210,183,228,179,228,178,229,178,251,175,251,173,252,173,270,170,270,169,271,169,289,165,289,164,290,164,307,160,307,159,308,159,326,156,326,154,327,154,340,132,340,132,337,131,335,118,335,118,332,117,331,94,331
99,987,117,987,118,986,118,982,136,982,137,981,137,978,159,978,159,1000,160,1001,164,1001,164,1014,165,1015,169,1015,169,1033,170,1034,173,1034,173,1056,175,1057,178,1057,178,1075,179,1076,183,1076,183,1089,184,1090,188,1090,188,1108,189,1109,192,1109,192,1122,193,1123,197,1123,197,1136,198,1137,202,1137,202,1145,203,1146,206,1146,206,1159,208,1160,211,1160,211,1169,212,1170,216,1170,216,1178,217,1179,221,1179,221,1192,222,1193,225,1193,225,1201,227,1202,230,1202,230,1215,231,1217,235,1217,235,1229,236,1231,240,1231,240,1243,241,1245,244,1245,244,1253,246,1254,249,1254,249,1262,236,1262,235,1263,235,1267,217,1267,216,1268,216,1272,198,1272,197,1273,197,1276,184,1276,184,1268,183,1267,179,1267,179,1254,178,1253,175,1253,175,1240,173,1239,170,1239,170,1226,169,1225,165,1225,165,1217,164,1215,160,1215,160,1207,159,1206,156,1206,156,1193,154,1192,151,1192,151,1184,150,1183,146,1183,146,1174,145,1173,141,1173,141,1160,140,1159,137,1159,137,1146,136,1145,132,1145,132,1128,131,1126,127,1126,127,1109,126,1108,123,1108,123,1090,121,1089,118,1089,118,1071,117,1070,113,1070,113,1048,112,1047,108,1047,108,1029,107,1028,104,1028,104,1006,102,1005,99,1005
241,163,244,163,246,162,246,159,249,159,249,162,250,163,268,163,268,237,264,237,263,238,263,242,241,242
241,248,273,248,273,345,246,345,246,322,244,321,241,321
241,365,273,365,273,541,246,541,246,482,244,480,241,480,241,444,244,444,246,443,246,407,244,406,241,406
241,552,273,552,273,700,246,700,246,603,244,602,241,602
246,706,277,706,277,757,274,757,273,758,273,761,246,761
246,777,277,777,277,836,274,836,273,837,273,897,250,897,250,894,249,892,246,892
246,917,249,917,250,916,250,912,254,912,254,916,255,917,268,917,269,916,269,912,273,912,273,920,274,922,277,922,277,1070,274,1070,273,1071,273,1075,250,1075,250,1071,249,1070,246,1070,246,1067,249,1067,250,1066,250,1020,249,1019,246,1019
250,1076,259,1076,259,1080,260,1081,277,1081,277,1169,250,1169
