0,354,5,354,5,360,6,361,9,361,9,366,9,367,12,367,12,373,13,374,15,374,15,379,16,380,19,380,19,389,19,390,22,390,22,392,19,392,19,393,19,395,0,395
19,429,45,429,45,431,46,432,49,432,49,437,49,438,52,438,52,441,53,441,55,441,55,444,56,445,59,445,59,450,59,451,62,451,62,457,63,458,65,458,65,463,66,464,69,464,69,470,69,470,72,470,72,483,53,483,53,477,52,476,49,476,49,474,49,473,46,473,46,467,45,466,43,466,43,464,42,463,39,463,39,458,39,457,36,457,36,454,35,454,33,454,33,451,32,450,29,450,29,448,29,447,26,447,26,445,25,444,23,444,23,438,22,437,19,437
66,503,69,503,69,502,69,499,82,499,83,499,83,496,89,496,89,499,89,499,92,499,92,505,93,506,95,506,95,512,96,512,99,512,99,518,99,519,102,519,102,525,103,525,105,525,105,528,106,529,109,529,109,534,109,535,112,535,112,544,99,544,99,545,99,547,93,547,93,541,92,541,89,541,89,535,89,534,86,534,86,532,85,531,83,531,83,525,82,525,79,525,79,522,79,521,76,521,76,516,75,515,73,515,73,512,72,512,69,512,69,506,69,505,66,505
103,558,112,558,113,557,113,554,125,554,125,557,126,558,129,558,129,563,129,564,132,564,132,573,133,574,135,574,135,576,136,577,139,577,139,583,139,583,142,583,142,589,123,589,123,587,122,586,119,586,119,583,119,583,116,583,116,577,115,576,113,576,113,570,112,570,109,570,109,567,109,566,106,566,106,561,105,560,103,560
116,145,122,145,123,144,123,141,135,141,135,150,136,151,139,151,139,163,139,164,142,164,142,176,143,177,145,177,145,189,146,190,149,190,149,199,146,199,145,200,145,202,133,202,133,200,132,199,129,199,129,193,129,192,126,192,126,180,125,179,123,179,123,167,122,166,119,166,119,161,119,160,116,160
149,151,162,151,162,160,163,161,165,161,165,173,166,174,169,174,169,186,169,187,172,187,172,192,163,192,163,190,162,189,159,189,159,187,159,186,156,186,156,170,155,170,153,170,153,161,152,160,149,160
183,135,192,135,193,134,193,132,199,132,199,134,199,135,202,135,202,147,203,148,205,148,205,160,206,161,209,161,209,176,209,177,212,177,212,192,213,193,215,193,215,205,203,205,202,206,202,208,196,208,196,193,195,192,193,192,193,174,192,173,189,173,189,161,189,160,186,160,186,145,185,144,183,144
293,412,295,412,296,412,296,400,298,400,299,399,299,387,305,387,305,389,306,390,315,390,315,392,316,393,318,393,318,402,316,402,315,403,315,412,313,412,312,412,312,437,293,437
289,451,312,451,312,473,313,474,315,474,315,489,316,490,318,490,318,495,319,496,322,496,322,499,323,499,325,499,325,505,326,506,328,506,328,508,329,509,332,509,332,512,333,512,335,512,335,518,333,518,332,519,332,521,323,521,322,522,322,525,316,525,316,519,315,518,313,518,313,512,312,512,309,512,309,509,308,508,306,508,306,506,305,505,303,505,303,499,302,499,299,499,299,493,298,492,296,492,296,480,295,479,293,479,293,461,292,460,289,460
309,374,312,374,313,373,313,367,315,367,316,366,316,361,318,361,319,360,319,351,322,351,323,350,323,345,325,345,326,344,326,338,328,338,329,337,329,335,332,335,333,334,333,332,335,332,336,331,336,329,338,329,339,328,339,325,342,325,343,325,343,322,348,322,349,321,349,319,352,319,353,318,353,316,358,316,359,315,359,312,362,312,363,312,363,309,372,309,372,315,373,316,375,316,375,321,376,322,378,322,378,331,373,331,372,332,372,334,366,334,365,335,365,337,363,337,362,338,362,341,356,341,355,341,355,344,349,344,348,345,348,347,346,347,345,348,345,350,343,350,342,351,342,354,339,354,338,354,338,360,336,360,335,361,335,370,333,370,332,370,332,376,329,376,328,377,328,386,319,386,319,383,318,383,316,383,316,380,315,379,309,379
323,532,325,532,326,531,326,529,332,529,333,528,333,525,342,525,342,531,343,532,345,532,345,534,346,535,348,535,348,537,349,538,355,538,355,541,356,541,358,541,358,544,359,545,365,545,365,547,366,548,372,548,372,557,369,557,368,558,368,560,366,560,365,561,365,566,363,566,363,564,362,563,359,563,359,561,358,560,353,560,353,558,352,557,346,557,346,554,345,554,343,554,343,551,342,550,339,550,339,548,338,547,336,547,336,545,335,544,333,544,333,541,332,541,326,541,326,535,325,534,323,534
416,548,418,548,419,547,419,545,422,545,423,544,423,541,428,541,429,541,429,535,432,535,433,534,433,532,435,532,436,531,436,529,438,529,439,528,439,525,448,525,448,528,449,529,452,529,452,531,453,532,458,532,458,537,456,537,455,538,455,541,453,541,452,541,452,544,449,544,448,545,448,547,446,547,445,548,445,550,443,550,442,551,442,554,439,554,438,554,438,557,433,557,432,558,432,560,429,560,428,561,428,563,419,563,419,561,418,560,416,560
419,325,422,325,423,325,423,322,425,322,426,321,426,319,428,319,429,318,429,316,438,316,438,318,439,319,442,319,442,321,443,322,448,322,448,325,449,325,452,325,452,328,453,329,455,329,455,331,456,332,458,332,458,334,459,335,462,335,462,337,463,338,465,338,465,341,466,341,472,341,472,344,473,345,475,345,475,354,473,354,472,354,472,360,466,360,465,361,465,363,456,363,456,361,455,360,449,360,449,358,448,357,446,357,446,351,445,350,443,350,443,345,442,344,439,344,439,341,438,341,433,341,433,338,432,337,429,337,429,335,428,334,423,334,423,332,422,331,419,331
453,519,455,519,456,518,456,512,458,512,459,512,459,503,462,503,463,502,463,493,465,493,466,492,466,477,468,477,469,476,469,474,485,474,485,476,486,477,488,477,489,476,489,474,492,474,492,486,489,486,488,487,488,499,486,499,485,499,485,505,483,505,482,506,482,512,479,512,478,512,478,515,476,515,475,516,475,521,473,521,472,522,472,525,469,525,468,525,468,528,459,528,459,525,458,525,456,525,456,522,455,521,453,521
463,370,465,370,466,370,466,367,468,367,469,366,469,364,475,364,476,363,476,361,482,361,482,363,483,364,485,364,485,373,486,374,488,374,488,386,479,386,478,387,478,389,469,389,469,387,468,386,466,386,466,374,465,373,463,373
469,396,472,396,473,395,473,393,485,393,486,392,486,390,492,390,492,392,493,393,495,393,495,405,496,406,498,406,498,425,499,425,502,425,502,434,499,434,498,435,498,457,496,457,495,458,495,470,483,470,483,467,482,466,469,466,469,464,472,464,473,463,473,451,475,451,476,450,476,419,475,418,473,418,473,409,472,408,469,408
506,683,512,683,513,683,513,680,522,680,522,683,523,683,525,683,525,792,519,792,518,793,518,795,509,795,509,793,508,792,506,792,506,790,508,790,509,789,509,783,508,783,506,783,506,722,508,722,509,721,509,687,508,686,506,686
