309,301,329,301,329,322,309,322
325,164,361,164,361,217,357,217,356,219,356,228,336,228,336,219,334,217,330,217,330,186,329,184,325,184
357,235,372,235,373,234,373,230,393,230,393,239,394,241,398,241,398,289,400,290,404,290,404,332,405,334,409,334,409,349,368,349,368,317,366,316,362,316,362,279,361,278,357,278
368,0,462,0,462,53,458,53,457,54,457,80,453,80,452,82,452,86,448,86,446,87,446,91,389,91,389,87,388,86,384,86,384,71,388,71,389,69,389,43,388,42,384,42,384,38,382,36,373,36,373,10,372,9,368,9
384,372,398,372,400,371,400,367,409,367,409,371,410,372,414,372,414,426,416,427,420,427,420,442,394,442,394,427,393,426,389,426,389,389,388,387,384,387
394,443,420,443,420,480,421,482,425,482,425,513,400,513,400,482,398,480,394,480,394,465,398,465,400,464,400,460,398,459,394,459
448,602,468,602,469,601,469,597,473,597,473,607,474,608,478,608,478,639,480,641,484,641,484,661,485,663,489,663,489,678,490,679,494,679,494,694,490,694,489,696,489,700,464,700,464,685,462,683,458,683,458,652,457,650,453,650,453,619,452,618,448,618
458,65,462,65,464,64,464,32,468,32,469,31,469,0,505,0,505,9,501,9,500,10,500,31,496,31,494,32,494,53,490,53,489,54,489,75,485,75,484,76,484,86,469,86,469,82,468,80,458,80
485,394,489,394,490,393,490,372,494,372,496,371,496,345,500,345,501,343,501,317,505,317,506,316,506,290,510,290,512,289,512,263,516,263,517,261,517,257,537,257,537,261,538,263,553,263,553,267,554,268,574,268,574,272,576,274,580,274,580,294,576,294,574,295,574,311,570,311,569,312,569,332,565,332,564,334,564,360,560,360,558,361,558,387,554,387,553,389,553,437,554,438,558,438,558,459,560,460,564,460,564,475,565,476,569,476,569,491,570,493,574,493,574,508,576,509,580,509,580,519,581,520,585,520,585,530,586,531,590,531,590,541,592,542,596,542,596,552,581,552,581,548,580,546,576,546,574,548,574,552,565,552,564,553,564,557,549,557,548,559,548,563,522,563,522,553,521,552,517,552,517,537,516,535,512,535,512,520,510,519,506,519,506,498,505,497,501,497,501,476,500,475,496,475,496,454,494,453,490,453,490,422,489,420,485,420
512,597,516,597,517,596,517,591,542,591,544,590,544,586,569,586,569,590,570,591,574,591,574,596,570,596,569,597,569,661,570,663,574,663,574,678,576,679,580,679,580,694,544,694,542,696,542,700,533,700,533,690,532,689,528,689,528,679,526,678,522,678,522,663,521,661,517,661,517,613,516,612,512,612
570,411,574,411,576,409,576,405,580,405,580,409,581,411,606,411,606,431,608,433,612,433,612,464,597,464,596,465,596,470,576,470,576,449,574,448,570,448
576,356,580,356,581,354,581,328,585,328,586,327,586,312,596,312,596,316,597,317,601,317,601,322,602,323,606,323,606,332,602,332,601,334,601,398,602,400,606,400,606,404,602,404,601,405,601,409,581,409,581,405,580,404,576,404
581,591,596,591,596,596,597,597,601,597,601,601,597,601,596,602,596,607,597,608,601,608,601,623,602,624,606,624,606,645,608,646,612,646,612,667,613,668,617,668,617,678,613,678,612,679,612,683,608,683,608,679,606,678,597,678,597,674,596,672,592,672,592,657,590,656,586,656,586,630,585,628,581,628
837,581,884,581,884,628,885,630,889,630,889,645,885,645,884,646,884,650,880,650,878,652,878,656,848,656,848,652,846,650,842,650,842,619,841,618,837,618
853,668,857,668,858,667,858,663,878,663,878,672,874,672,873,674,873,678,874,679,878,679,878,705,880,707,884,707,884,722,880,722,878,723,878,727,864,727,864,707,862,705,858,705,858,679,857,678,853,678
864,729,878,729,880,727,880,723,884,723,884,738,885,739,889,739,889,760,890,761,894,761,894,793,880,793,880,789,878,787,874,787,874,767,873,766,869,766,869,739,868,738,864,738
901,602,937,602,938,601,938,597,942,597,942,618,944,619,948,619,948,634,944,634,942,635,942,639,944,641,948,641,948,645,922,645,922,641,921,639,917,639,916,641,916,645,912,645,912,635,910,634,901,634
890,646,900,646,901,645,901,641,910,641,910,645,912,646,916,646,917,645,917,641,921,641,921,645,922,646,953,646,953,667,954,668,958,668,958,694,960,696,964,696,964,738,965,739,969,739,969,760,960,760,958,761,958,766,949,766,948,767,948,771,928,771,926,772,926,776,917,776,917,772,916,771,912,771,912,761,910,760,906,760,906,739,905,738,901,738,901,707,900,705,896,705,896,679,894,678,890,678
