96,224,97,224,98,223,98,173,100,173,100,173,100,164,102,164,103,163,103,159,104,159,105,159,105,155,107,155,107,154,107,150,109,150,110,149,110,145,111,145,112,145,112,141,114,141,114,140,114,138,116,138,117,138,117,131,118,131,119,131,119,129,121,129,121,129,121,125,123,125,124,124,124,118,125,118,126,117,126,113,128,113,128,112,128,108,130,108,131,108,131,104,133,104,133,103,133,97,135,97,135,96,135,92,137,92,138,92,138,87,140,87,140,87,140,85,144,85,144,87,145,87,151,87,151,89,152,90,154,90,154,92,154,92,161,92,161,94,161,94,168,94,168,96,168,97,175,97,175,98,173,98,172,99,172,108,171,108,170,108,170,112,168,112,168,113,168,117,166,117,165,118,165,122,164,122,163,122,163,126,161,126,161,127,161,133,159,133,158,134,158,138,157,138,156,138,156,142,154,142,154,143,154,147,152,147,151,148,151,152,150,152,149,152,149,156,147,156,147,157,147,161,145,161,144,162,144,166,142,166,142,166,142,168,140,168,140,168,140,175,138,175,137,175,137,184,135,184,135,185,135,212,133,212,133,212,133,265,126,265,125,266,125,267,96,267
96,287,109,287,110,286,110,284,135,284,135,295,135,296,137,296,137,330,138,331,140,331,140,362,140,363,142,363,142,369,142,370,144,370,144,374,145,375,147,375,147,381,147,381,149,381,149,385,150,386,151,386,151,395,152,395,154,395,154,402,154,402,156,402,156,409,157,409,158,409,158,418,159,418,161,418,161,423,161,423,163,423,163,429,161,429,161,430,161,432,154,432,154,432,154,434,147,434,147,435,147,436,140,436,140,437,140,439,126,439,126,432,125,432,124,432,124,425,123,425,121,425,121,418,121,418,119,418,119,412,118,411,117,411,117,405,116,404,114,404,114,400,114,399,112,399,112,393,111,392,110,392,110,386,109,385,107,385,107,379,107,379,105,379,105,372,104,372,103,372,103,361,102,360,100,360,100,337,100,337,98,337,98,312,97,311,96,311
145,247,147,247,147,247,147,168,149,168,150,168,150,164,151,164,152,163,152,162,168,162,168,161,168,159,175,159,175,159,175,157,184,157,185,156,185,155,186,155,186,156,187,157,189,157,189,161,189,162,191,162,191,163,192,164,193,164,193,217,194,217,196,217,196,321,196,321,198,321,198,353,196,353,196,354,196,355,194,355,193,356,193,358,192,358,192,356,191,355,171,355,170,356,170,358,157,358,156,358,156,360,147,360,147,358,147,358,145,358,145,344,147,344,147,344,147,317,147,316,145,316,145,275,147,275,147,274,147,268,147,267,145,267,145,261,147,261,147,260,147,259,147,258,145,258
187,97,191,97,192,96,192,94,208,94,208,94,208,92,222,92,222,92,222,90,233,90,233,92,234,92,238,92,239,92,239,90,243,90,243,92,243,92,245,92,245,108,243,108,243,108,243,124,243,125,245,125,245,221,243,221,243,222,243,244,243,245,245,245,245,254,243,254,243,254,243,256,243,256,245,256,245,291,243,291,243,291,243,311,239,311,238,312,238,314,236,314,236,312,236,311,203,311,203,310,203,309,201,309,201,287,200,286,199,286,199,266,198,265,196,265,196,217,196,217,194,217,194,164,193,163,192,163,192,162,191,161,189,161,189,157,189,156,187,156,187,155,189,155,189,154,189,152,191,152,192,152,192,148,191,147,189,147,189,125,189,124,187,124
199,395,200,395,201,395,201,365,203,365,203,365,203,333,205,333,206,332,206,331,217,331,217,330,217,328,240,328,240,351,239,351,238,351,238,399,236,399,236,400,236,404,236,405,238,405,238,409,236,409,236,409,236,411,236,412,238,412,238,416,236,416,236,416,236,439,203,439,203,437,203,436,199,436
248,189,250,189,250,189,250,187,271,187,271,189,271,189,273,189,273,196,274,196,275,196,275,200,274,200,273,201,273,205,274,206,275,206,275,210,274,210,273,210,273,233,253,233,252,233,252,235,250,235,250,233,250,233,248,233
248,333,250,333,250,332,250,247,271,247,271,249,271,250,273,250,273,274,274,275,275,275,275,279,274,279,273,280,273,288,274,289,275,289,275,293,274,293,273,293,273,323,274,324,275,324,275,325,274,325,273,326,273,332,274,333,275,333,275,335,274,335,273,335,273,348,271,348,271,349,271,353,269,353,268,354,268,355,264,355,264,354,264,353,248,353
250,115,254,115,255,115,255,113,259,113,259,115,260,115,273,115,273,124,274,125,275,125,275,129,274,129,273,129,273,170,271,170,271,171,271,173,269,173,268,173,268,175,250,175,250,127,252,127,253,126,253,120,252,119,250,119
274,171,275,171,276,170,276,166,297,166,297,170,297,171,299,171,299,173,297,173,297,173,297,200,288,200,288,199,287,198,285,198,285,199,285,200,276,200,276,196,275,196,274,196
269,354,271,354,271,353,271,349,273,349,274,348,274,335,275,335,276,335,276,333,283,333,283,335,283,335,297,335,297,337,297,337,299,337,299,348,297,348,297,349,297,369,274,369,274,368,273,367,271,367,271,356,271,355,269,355
274,129,275,129,276,129,276,125,280,125,280,126,281,127,294,127,294,129,295,129,297,129,297,140,297,141,299,141,299,156,283,156,283,155,283,154,281,154,280,155,280,156,276,156,276,152,275,152,274,152
271,247,273,247,274,247,274,210,275,210,276,210,276,203,278,203,278,205,278,206,297,206,297,212,297,212,299,212,299,272,300,273,301,273,301,277,300,277,299,277,299,279,297,279,297,280,297,281,295,281,295,280,294,279,285,279,285,280,285,281,276,281,276,275,275,274,274,274,274,250,273,249,271,249
274,293,275,293,276,293,276,289,297,289,297,291,297,291,299,291,299,325,297,325,297,326,297,328,295,328,295,326,294,325,276,325,276,324,275,323,274,323
