29,273,31,273,31,273,31,249,33,249,34,248,34,215,33,214,31,214,31,199,33,199,34,199,34,197,35,197,36,197,36,195,40,195,40,197,40,197,69,197,69,199,70,199,74,199,74,219,75,220,76,220,76,241,75,241,74,242,74,383,72,383,72,383,72,387,72,388,74,388,74,401,72,401,72,401,72,419,70,419,69,419,69,426,68,426,67,426,67,428,63,428,63,426,63,426,54,426,54,424,54,423,47,423,47,422,47,421,43,421,43,419,42,419,38,419,38,417,38,417,36,417,36,415,35,414,34,414,34,397,33,396,31,396,31,323,31,322,29,322
31,177,33,177,34,176,34,123,35,123,36,122,36,96,38,96,38,95,38,83,40,83,40,82,40,80,74,80,74,82,75,83,79,83,79,100,77,100,76,101,76,125,75,125,74,125,74,156,75,157,76,157,76,183,75,183,74,184,74,185,70,185,70,184,69,183,52,183,52,181,51,181,34,181,34,179,33,179,31,179
86,152,88,152,88,152,88,150,97,150,97,152,97,152,108,152,108,156,106,156,106,157,106,221,93,221,93,220,92,219,91,219,90,220,90,221,86,221,86,161,88,161,88,161,88,157,88,156,86,156
131,195,133,195,134,194,134,188,135,188,136,188,136,186,138,186,138,185,138,184,140,184,141,183,141,181,142,181,143,181,143,179,145,179,145,179,145,175,147,175,147,174,147,172,151,172,151,174,152,175,154,175,154,179,154,179,160,179,160,183,159,183,158,184,158,185,156,185,156,184,156,183,154,183,154,184,154,188,152,188,151,188,151,190,150,190,149,190,149,192,147,192,147,193,147,197,145,197,145,197,145,201,143,201,142,202,142,208,131,208
131,211,133,211,133,212,134,213,135,213,136,212,136,211,140,211,141,210,141,208,142,208,142,214,143,215,145,215,145,221,145,222,147,222,147,223,147,224,149,224,149,226,150,226,151,226,151,228,152,229,154,229,154,237,152,237,151,238,151,239,145,239,145,238,145,237,143,237,143,235,142,235,141,235,141,233,140,232,138,232,138,231,138,230,136,230,136,226,135,226,134,226,134,222,133,221,131,221
156,186,158,186,159,185,159,184,160,184,161,183,161,179,179,179,179,179,179,177,185,177,186,176,186,175,192,175,192,194,193,195,195,195,195,206,195,206,197,206,197,228,195,228,195,229,195,232,193,232,192,233,192,235,179,235,179,235,179,237,161,237,161,235,160,235,159,235,159,199,158,199,156,199
195,482,199,482,200,482,200,480,199,479,197,479,197,469,199,469,200,468,200,467,201,467,202,466,202,464,204,464,204,464,204,462,206,462,207,461,207,460,211,460,211,459,211,458,213,458,213,457,213,455,215,455,216,455,216,453,217,453,218,453,218,451,220,451,220,450,220,449,222,449,222,448,222,446,224,446,225,446,225,444,229,444,229,446,229,446,236,446,236,448,236,449,245,449,245,450,245,451,256,451,256,453,257,453,265,453,265,455,266,455,270,455,270,457,270,458,272,458,272,464,270,464,270,464,270,470,268,470,267,471,267,473,266,473,265,473,265,475,263,475,263,476,263,482,261,482,261,482,261,484,195,484
195,246,197,246,197,246,197,242,199,242,200,241,200,240,201,240,202,239,202,235,204,235,204,235,204,231,206,231,207,230,207,229,208,229,209,228,209,220,211,220,211,219,211,213,213,213,213,212,213,204,213,203,211,203,211,202,215,202,216,201,216,199,217,199,217,223,216,223,215,224,215,230,213,230,213,231,213,235,211,235,211,235,211,239,209,239,208,240,208,244,207,244,206,244,206,248,204,248,204,249,204,253,197,253,197,251,197,250,195,250
197,168,199,168,200,167,200,166,206,166,206,170,207,170,208,170,208,176,209,177,211,177,211,183,211,184,213,184,213,185,213,186,215,186,215,192,216,193,217,193,217,199,216,199,215,199,215,201,211,201,211,193,211,192,209,192,209,186,208,185,207,185,207,184,206,183,204,183,204,179,204,179,202,179,202,175,201,174,200,174,200,170,199,170,197,170
241,428,242,428,243,428,243,426,245,426,245,426,245,424,247,424,247,423,247,422,251,422,252,421,252,417,256,417,256,419,257,419,258,419,258,421,259,422,263,422,263,423,263,424,265,424,265,426,266,426,267,426,267,428,268,428,272,428,272,430,273,431,286,431,286,432,286,433,295,433,295,435,295,435,299,435,299,441,298,441,297,442,297,444,295,444,295,444,295,448,293,448,292,449,292,450,284,450,283,451,283,453,279,453,279,453,279,455,275,455,274,455,274,459,273,459,273,458,272,457,270,457,270,455,270,455,266,455,266,451,265,450,259,450,258,451,258,453,257,453,257,449,256,448,252,448,252,446,251,446,250,446,250,444,249,444,245,444,245,442,245,441,243,441,243,440,242,439,241,439
254,415,256,415,257,414,257,410,258,410,259,410,259,408,261,408,261,408,261,406,263,406,263,405,263,404,265,404,266,403,266,401,267,401,268,401,268,399,270,399,270,399,270,397,272,397,273,396,273,395,274,395,275,394,275,392,279,392,279,392,279,390,281,390,282,390,282,388,283,388,284,387,284,386,288,386,288,385,288,383,295,383,295,385,295,386,306,386,306,387,307,388,313,388,313,390,313,390,317,390,317,392,318,392,329,392,329,394,329,395,331,395,331,401,329,401,329,401,329,403,327,403,327,404,327,410,325,410,324,410,324,414,323,414,322,415,322,417,320,417,320,417,320,421,318,421,317,422,317,423,316,423,315,424,315,428,313,428,313,428,313,430,302,430,302,428,302,428,293,428,293,426,292,426,275,426,275,424,274,423,263,423,263,422,263,421,259,421,259,419,258,419,257,419,257,417,256,417,254,417
