12,18,14,18,14,17,14,12,15,12,16,12,16,11,39,11,39,25,34,25,34,25,34,27,12,27
41,20,43,20,43,19,43,11,53,11,54,10,54,9,84,9,84,23,83,23,83,23,83,25,67,25,66,25,66,27,43,27,43,25,43,25,41,25
90,11,92,11,92,10,92,9,106,9,107,8,107,7,139,7,139,8,139,9,141,9,141,17,141,18,142,18,142,19,141,19,141,20,141,23,136,23,135,23,135,25,123,25,122,25,122,27,107,27,107,25,106,25,94,25,94,23,93,23,90,23
99,176,101,176,101,175,101,174,102,174,103,174,103,172,137,172,137,196,136,196,135,196,135,197,112,197,112,196,112,196,105,196,105,194,104,194,103,194,103,192,102,192,101,192,101,187,101,186,99,186
116,73,132,73,132,73,132,71,137,71,137,73,137,73,159,73,159,73,159,71,170,71,170,73,170,73,195,73,196,73,196,71,202,71,202,73,203,73,208,73,208,93,206,93,206,93,206,95,143,95,142,95,142,96,123,96,123,95,122,95,119,95,119,93,119,93,117,93,117,82,117,82,116,82
137,231,141,231,141,231,141,229,142,229,143,229,143,226,146,226,147,225,147,224,148,224,148,225,148,226,150,226,150,227,150,227,153,227,153,229,154,229,155,229,155,231,156,231,159,231,159,232,159,233,164,233,164,234,165,235,170,235,170,236,170,237,171,237,171,240,170,240,170,240,170,243,168,243,168,244,168,247,166,247,166,248,166,249,161,249,161,248,161,247,156,247,156,246,155,245,152,245,152,244,151,243,148,243,148,242,148,242,147,242,147,240,146,240,143,240,143,238,142,238,139,238,139,237,139,236,137,236
139,135,142,135,143,135,143,134,146,134,147,133,147,132,150,132,150,131,150,130,151,130,152,130,152,128,155,128,156,128,156,126,161,126,161,126,161,124,164,124,165,124,165,123,177,123,177,122,177,121,191,121,191,130,188,130,188,130,188,131,181,131,181,132,181,133,176,133,175,134,175,135,168,135,168,135,168,137,163,137,162,137,162,139,159,139,159,139,159,141,156,141,155,141,155,142,152,142,151,143,151,144,145,144,145,143,144,142,143,142,143,141,142,141,141,141,141,139,141,139,139,139
147,176,148,176,148,175,148,174,155,174,156,174,156,172,168,172,168,172,168,170,173,170,173,172,174,172,244,172,244,174,245,174,249,174,250,174,250,172,293,172,293,174,294,174,295,174,295,174,295,172,308,172,308,185,306,185,306,185,306,196,304,196,304,196,304,197,303,197,302,198,302,199,297,199,297,198,297,197,292,197,292,196,291,196,266,196,266,196,266,197,255,197,255,198,255,199,252,199,251,200,251,201,241,201,240,202,240,203,234,203,234,202,233,201,194,201,193,202,193,203,192,203,192,202,191,201,186,201,186,202,186,203,152,203,152,202,151,201,150,201,150,200,150,199,148,199,148,194,148,194,147,194
154,9,155,9,156,8,156,7,186,7,186,8,186,9,188,9,188,12,186,12,186,12,186,21,183,21,182,22,182,23,156,23,156,22,155,21,154,21
172,244,173,244,174,243,174,238,177,238,177,238,177,237,179,237,179,238,179,238,184,238,184,240,185,240,206,240,206,240,206,238,213,238,213,243,214,244,215,244,215,249,214,249,213,249,213,251,210,251,210,251,210,253,206,253,206,251,206,251,203,251,202,251,202,253,190,253,190,251,190,251,181,251,181,249,181,249,172,249
190,18,191,18,192,17,192,12,193,12,194,12,194,9,206,9,206,8,206,7,237,7,237,6,237,5,239,5,239,6,239,7,244,7,244,19,243,19,242,20,242,21,239,21,239,22,239,23,235,23,235,22,235,21,226,21,226,22,226,23,214,23,214,22,213,21,190,21
194,45,195,45,196,45,196,44,200,44,201,43,201,42,211,42,212,41,212,40,219,40,219,39,219,38,230,38,230,39,230,40,231,40,231,43,232,44,233,44,233,45,234,45,235,45,235,49,235,49,237,49,237,54,232,54,231,55,231,56,223,56,222,56,222,58,217,58,217,58,217,60,201,60,201,58,200,58,199,58,199,56,199,56,196,56,196,49,195,49,194,49
194,121,208,121,208,120,208,119,219,119,219,120,219,121,226,121,226,122,226,123,233,123,233,124,234,124,239,124,239,126,239,126,242,126,242,128,243,128,246,128,246,130,246,130,249,130,249,131,250,132,253,132,253,133,254,134,257,134,257,135,257,135,259,135,259,141,257,141,257,141,257,144,255,144,255,145,255,146,252,146,252,145,251,144,250,144,250,143,249,142,246,142,246,141,246,141,243,141,243,139,242,139,241,139,241,137,240,137,234,137,234,135,233,135,225,135,225,134,224,133,214,133,214,132,213,131,208,131,208,130,208,130,201,130,200,130,200,131,194,131
212,73,213,73,214,73,214,71,219,71,219,73,219,73,246,73,246,78,246,79,248,79,248,84,248,84,249,84,249,89,248,89,248,90,248,91,234,91,233,91,233,93,225,93,224,93,224,95,214,95,214,93,213,93,212,93
217,238,224,238,225,238,225,237,231,237,232,236,232,235,235,235,235,234,235,233,239,233,239,232,239,231,242,231,243,231,243,229,246,229,246,229,246,227,249,227,250,227,250,226,253,226,253,227,254,227,255,227,255,229,255,229,257,229,257,231,257,231,259,231,259,238,254,238,253,238,253,240,250,240,249,240,249,242,248,242,248,242,248,243,243,243,242,244,242,245,237,245,237,246,237,247,228,247,228,248,228,249,219,249,219,246,219,245,217,245
279,49,282,49,283,49,283,47,291,47,292,47,292,45,297,45,297,45,297,44,311,44,312,43,312,42,320,42,320,43,321,44,326,44,326,45,326,45,328,45,328,47,328,47,329,47,329,50,330,51,331,51,331,54,330,54,329,55,329,58,328,58,328,58,328,60,317,60,317,60,317,62,310,62,309,62,309,63,304,63,304,64,304,65,292,65,292,64,291,63,290,63,290,62,289,62,286,62,286,60,286,60,283,60,283,53,282,52,281,52,281,51,280,50,279,50
290,11,291,11,292,10,292,9,293,9,294,8,294,7,317,7,317,14,315,14,315,14,315,19,312,19,311,20,311,21,301,21,301,20,300,19,290,19
323,9,324,9,324,8,324,7,349,7,349,17,348,17,347,18,347,21,323,21
352,9,353,9,353,8,353,7,364,7,364,8,364,9,367,9,367,10,368,11,369,11,369,16,370,16,371,16,371,19,370,19,369,20,369,21,368,21,367,22,367,23,361,23,361,22,360,21,352,21
