123,372,148,372,148,400,149,401,151,401,151,439,152,439,155,439,155,458,156,459,158,459,158,470,159,471,161,471,161,483,162,484,164,484,164,490,156,490,155,490,155,493,139,493,139,487,138,486,136,486,136,474,135,474,133,474,133,462,132,461,130,461,130,452,129,451,126,451,126,408,125,407,123,407
126,350,129,350,130,349,130,321,132,321,133,321,133,293,135,293,136,292,136,280,138,280,139,279,139,261,142,261,143,260,143,258,145,258,146,257,146,255,158,255,158,257,159,258,171,258,171,266,169,266,168,267,168,276,165,276,164,277,164,282,162,282,161,283,161,292,159,292,158,293,158,302,156,302,155,302,155,317,152,317,151,318,151,340,149,340,148,341,148,356,126,356
159,372,174,372,174,375,175,376,181,376,181,423,182,423,184,423,184,442,172,442,171,443,171,445,165,445,165,439,164,439,162,439,162,414,161,413,159,413
159,347,161,347,162,346,162,334,164,334,165,333,165,315,168,315,169,314,169,302,171,302,172,302,172,283,174,283,175,282,175,277,177,277,178,276,178,267,181,267,182,266,182,258,184,258,185,257,185,248,187,248,188,247,188,242,194,242,194,244,195,245,200,245,200,247,201,248,203,248,203,260,201,260,200,261,200,276,198,276,197,277,197,286,195,286,194,286,194,298,191,298,190,299,190,311,188,311,187,312,187,324,185,324,184,325,184,343,182,343,181,344,181,346,178,346,177,347,177,349,159,349
165,446,181,446,182,445,182,443,187,443,187,458,188,459,190,459,190,477,191,478,194,478,194,486,195,487,197,487,197,496,198,497,200,497,200,509,191,509,190,510,190,512,182,512,182,510,181,509,178,509,178,497,177,496,175,496,175,487,174,486,172,486,172,474,171,474,169,474,169,459,168,458,165,458
185,344,187,344,188,343,188,325,190,325,191,324,191,312,194,312,195,311,195,302,197,302,198,302,198,286,210,286,210,289,211,290,223,290,223,292,224,293,226,293,226,298,224,298,223,299,223,308,221,308,220,309,220,317,217,317,216,318,216,333,214,333,213,334,213,356,211,356,210,357,210,400,208,400,207,401,207,404,195,404,195,401,194,400,185,400
191,433,210,433,211,432,211,430,213,430,213,432,214,433,216,433,216,451,217,452,220,452,220,467,221,468,223,468,223,480,224,481,226,481,226,490,227,490,229,490,229,499,230,500,233,500,233,506,234,506,236,506,236,515,237,516,239,516,239,521,240,522,242,522,242,528,243,529,246,529,246,534,247,535,249,535,249,541,250,541,252,541,252,553,250,553,249,554,249,557,243,557,242,557,242,560,237,560,236,561,236,563,234,563,234,561,233,560,230,560,230,554,229,553,227,553,227,548,226,547,224,547,224,541,223,541,221,541,221,535,220,534,217,534,217,529,216,528,214,528,214,522,213,521,211,521,211,516,210,515,208,515,208,506,207,506,204,506,204,497,203,496,201,496,201,484,200,483,198,483,198,471,197,470,195,470,195,455,194,455,191,455
204,264,207,264,208,263,208,251,210,251,211,251,211,245,213,245,214,244,214,235,216,235,217,235,217,232,220,232,221,231,221,226,223,226,224,225,224,219,226,219,227,219,227,213,229,213,230,212,230,207,233,207,234,206,234,200,236,200,237,200,237,197,239,197,240,196,240,191,249,191,249,193,250,194,255,194,255,196,256,197,259,197,259,200,260,200,262,200,262,203,263,204,268,204,268,206,266,206,265,207,265,212,263,212,262,213,262,215,260,215,259,216,259,222,256,222,255,223,255,228,253,228,252,229,252,231,250,231,249,232,249,238,247,238,246,239,246,244,243,244,242,245,242,251,240,251,239,251,239,257,237,257,236,258,236,266,234,266,233,267,233,276,230,276,229,277,229,279,221,279,221,277,220,276,214,276,214,274,213,273,204,273
214,379,216,379,217,378,217,363,220,363,221,362,221,331,223,331,224,330,224,328,239,328,239,330,240,331,242,331,242,356,240,356,239,357,239,368,240,369,242,369,242,375,240,375,239,376,239,407,240,408,242,408,242,423,240,423,239,423,239,426,230,426,230,423,229,423,217,423,217,404,216,404,214,404
260,551,272,551,272,595,269,595,268,596,268,598,260,598
282,564,291,564,291,585,289,585,288,586,288,588,286,588,286,586,285,585,282,585
292,576,294,576,295,576,295,573,298,573,298,576,299,576,304,576,304,595,302,595,301,596,301,598,292,598
302,570,304,570,305,569,305,554,314,554,314,595,312,595,311,596,311,598,302,598,302,596,304,596,305,595,305,576,304,576,302,576
