44,250,46,250,46,250,46,246,48,246,48,245,48,239,50,239,51,238,51,234,53,234,53,234,53,225,55,225,55,225,55,223,57,223,58,222,58,221,62,221,62,222,62,223,64,223,64,225,65,225,67,225,67,227,67,228,71,228,71,229,72,230,74,230,74,232,74,232,78,232,78,234,79,234,81,234,81,243,79,243,78,243,78,247,76,247,76,248,76,252,74,252,74,252,74,259,72,259,71,259,71,272,72,273,74,273,74,286,74,286,76,286,76,297,72,297,71,298,71,299,65,299,64,300,64,302,62,302,62,302,62,304,55,304,55,304,55,306,53,306,53,298,53,297,51,297,51,291,50,290,48,290,48,284,48,283,46,283,46,275,46,274,44,274
62,97,64,97,65,96,65,90,81,90,81,92,81,92,83,92,83,101,81,101,81,101,81,130,81,130,83,130,83,132,81,132,81,133,81,134,65,134,65,133,64,132,62,132
62,399,64,399,65,399,65,372,83,372,83,381,81,381,81,381,81,405,65,405,65,404,64,403,62,403
62,408,81,408,81,430,79,430,78,431,78,460,79,460,81,460,81,464,79,464,78,465,78,466,74,466,74,465,74,464,69,464,69,465,69,466,67,466,67,465,67,464,65,464,65,417,64,417,62,417
67,212,69,212,69,211,69,210,71,210,72,209,72,207,74,207,74,207,74,205,76,205,76,204,76,203,81,203,81,202,81,200,85,200,86,200,86,198,90,198,90,198,90,196,94,196,95,195,95,194,99,194,100,193,100,191,125,191,125,193,125,194,139,194,139,195,139,196,146,196,146,198,146,198,150,198,150,204,149,204,148,205,148,209,146,209,146,210,146,213,144,213,143,214,143,216,142,216,141,216,141,218,111,218,111,219,111,220,104,220,104,221,104,222,100,222,99,223,99,225,95,225,94,225,94,227,90,227,90,228,90,229,88,229,88,230,88,232,81,232,81,230,81,229,79,229,79,225,78,225,76,225,76,223,76,222,74,222,74,221,74,220,72,220,72,219,71,218,69,218,69,216,69,216,67,216
97,65,101,65,101,67,102,67,118,67,118,69,118,70,120,70,120,96,118,96,118,97,118,101,102,101,101,101,101,103,100,103,100,99,99,98,97,98
97,410,99,410,100,410,100,399,115,399,115,414,102,414,101,415,101,417,97,417
97,417,101,417,101,419,102,420,104,420,104,419,104,417,113,417,113,419,114,420,115,420,115,442,97,442
97,444,101,444,101,446,102,447,115,447,115,448,116,449,118,449,118,487,116,487,115,487,115,489,114,489,113,490,113,491,102,491,102,490,101,489,100,489,100,487,99,487,97,487
100,103,101,103,101,105,102,106,113,106,113,107,114,108,115,108,115,157,100,157
97,350,111,350,111,351,111,352,118,352,118,353,118,354,120,354,120,360,118,360,118,361,118,376,116,376,115,377,115,396,100,396,100,363,99,362,97,362
244,173,258,173,258,173,258,171,262,171,262,173,263,173,265,173,265,186,265,187,267,187,267,204,268,205,269,205,269,245,268,245,267,246,267,247,249,247,249,210,248,209,247,209,247,191,246,191,244,191
258,429,260,429,261,428,261,401,265,401,265,403,265,404,279,404,279,414,277,414,276,415,276,430,277,431,279,431,279,432,261,432,261,431,260,430,258,430
