13,617,39,617,39,630,40,631,44,631,44,634,45,635,48,635,48,638,45,638,44,640,44,665,45,666,48,666,48,687,49,688,53,688,53,732,54,733,57,733,57,741,54,741,53,742,53,745,54,746,57,746,57,758,58,760,62,760,62,772,58,772,57,773,57,776,45,776,45,773,44,772,31,772,31,760,30,758,27,758,27,724,26,723,22,723,22,680,21,678,18,678,18,644,16,643,13,643
31,551,48,551,48,563,49,564,53,564,53,585,45,585,44,586,44,590,40,590,39,591,39,594,36,594,36,564,35,563,31,563
31,782,44,782,45,781,45,777,57,777,57,781,58,782,66,782,66,785,63,785,62,786,62,790,63,791,66,791,66,803,63,803,62,804,62,807,58,807,57,808,57,812,45,812,45,808,44,807,40,807,40,800,39,798,36,798,36,791,35,790,31,790
36,595,57,595,57,621,58,622,62,622,62,630,58,630,57,631,57,634,45,634,45,631,44,630,40,630,40,617,39,616,36,616
45,640,62,640,62,656,63,657,66,657,66,696,54,696,54,688,53,687,49,687,49,666,48,665,45,665
54,742,57,742,58,741,58,737,75,737,75,776,76,777,80,777,80,785,67,785,67,782,66,781,63,781,63,760,62,758,58,758,58,746,57,745,54,745
212,400,216,400,217,398,217,377,220,377,221,376,221,368,225,368,226,367,226,364,229,364,230,363,230,360,234,360,235,358,235,355,238,355,239,354,239,346,243,346,244,345,244,342,256,342,256,345,257,346,261,346,261,350,262,351,265,351,265,358,266,360,270,360,270,363,266,363,265,364,265,372,257,372,256,373,256,376,253,376,252,377,252,381,248,381,247,382,247,385,244,385,243,386,243,394,239,394,238,395,238,407,235,407,234,408,234,416,217,416,217,413,216,412,212,412
212,422,243,422,243,425,244,426,256,426,256,443,257,444,261,444,261,452,262,453,265,453,265,456,266,457,270,457,270,465,271,466,274,466,274,474,271,474,270,475,270,505,257,505,257,502,256,501,253,501,253,497,252,496,248,496,248,493,247,492,244,492,244,488,243,487,239,487,239,484,238,483,235,483,235,480,234,478,230,478,230,475,229,474,226,474,226,462,225,461,221,461,221,444,220,443,217,443,217,431,216,430,212,430
235,408,238,408,239,407,239,395,243,395,244,394,244,386,247,386,248,385,248,382,252,382,253,381,253,377,256,377,257,376,257,373,265,373,265,381,266,382,270,382,270,385,266,385,265,386,265,390,262,390,261,391,261,398,257,398,256,400,256,425,244,425,244,422,243,421,235,421
248,120,252,120,253,118,253,115,256,115,257,114,257,111,288,111,288,141,285,141,283,142,283,207,280,207,279,208,279,212,257,212,257,168,256,167,253,167,253,133,252,132,248,132
271,328,288,328,288,336,289,337,292,337,292,354,289,354,288,355,288,367,289,368,292,368,292,390,276,390,276,386,274,385,271,385
280,475,288,475,289,474,289,471,292,471,292,483,294,484,297,484,297,510,294,510,292,511,292,518,285,518,285,515,283,514,280,514,280,506,283,506,285,505,285,502,283,501,280,501
339,635,351,635,351,638,352,640,356,640,356,647,357,648,360,648,360,665,352,665,352,662,351,661,348,661,348,648,347,647,343,647,343,644,342,643,339,643
339,715,342,715,343,714,343,711,347,711,348,710,348,697,351,697,352,696,352,671,365,671,365,705,362,705,360,706,360,714,357,714,356,715,356,723,352,723,351,724,351,727,339,727
348,377,351,377,352,376,352,373,356,373,357,372,357,368,360,368,362,367,362,364,369,364,369,372,371,373,374,373,374,385,375,386,378,386,378,394,380,395,383,395,383,403,384,404,388,404,388,407,389,408,392,408,392,421,393,422,397,422,397,438,393,438,392,440,392,452,389,452,388,453,388,461,384,461,383,462,383,470,380,470,378,471,378,483,375,483,374,484,374,492,362,492,362,488,360,487,357,487,357,484,356,483,352,483,352,466,356,466,357,465,357,457,360,457,362,456,362,448,365,448,366,447,366,435,369,435,371,434,371,426,369,425,366,425,366,417,365,416,362,416,362,408,360,407,357,407,357,400,356,398,352,398,352,391,351,390,348,390
407,648,419,648,420,647,420,644,428,644,428,647,429,648,433,648,433,652,434,653,442,653,442,683,411,683,411,680,410,678,407,678
411,688,424,688,424,692,425,693,437,693,437,696,434,696,433,697,433,745,434,746,437,746,437,754,434,754,433,755,433,758,429,758,429,755,428,754,411,754
411,755,415,755,415,758,416,760,433,760,433,798,429,798,428,800,428,803,411,803
457,1048,460,1048,461,1047,461,1013,464,1013,466,1012,466,1008,473,1008,473,1012,475,1013,492,1013,492,1016,493,1017,501,1017,501,1043,497,1043,496,1044,496,1078,493,1078,492,1080,492,1083,488,1083,487,1084,487,1087,457,1087
461,497,464,497,466,496,466,480,469,480,470,478,470,453,469,452,466,452,466,440,487,440,487,443,488,444,492,444,492,505,488,505,487,506,487,523,461,523
479,1240,483,1240,484,1238,484,1204,501,1204,501,1207,502,1208,523,1208,523,1212,524,1213,528,1213,528,1252,524,1252,523,1253,523,1278,479,1278
488,1137,492,1137,493,1136,493,1102,496,1102,497,1101,497,1097,519,1097,519,1101,520,1102,532,1102,532,1105,533,1106,537,1106,537,1123,533,1123,532,1124,532,1172,529,1172,528,1173,528,1198,515,1198,515,1195,514,1194,488,1194
524,1271,528,1271,529,1270,529,1257,537,1257,537,1261,538,1262,546,1262,547,1261,547,1257,550,1257,550,1278,524,1278
529,1208,537,1208,537,1212,538,1213,555,1213,555,1252,529,1252
533,1102,537,1102,538,1101,538,1093,559,1093,559,1163,556,1163,555,1164,555,1212,547,1212,547,1208,546,1207,533,1207,533,1160,537,1160,538,1158,538,1106,537,1105,533,1105
597,1226,614,1226,614,1230,615,1231,627,1231,627,1261,624,1261,623,1262,623,1270,624,1271,627,1271,627,1278,597,1278
