60,390,60,390,61,389,61,383,80,383,81,383,81,382,83,382,83,383,83,383,84,383,84,399,83,399,83,400,83,418,83,418,84,418,84,428,85,428,85,428,85,438,86,438,87,438,87,442,85,442,84,442,84,443,78,443,78,443,78,444,73,444,73,445,73,445,66,445,65,446,65,447,63,447,63,441,63,440,62,440,62,428,62,428,61,428,61,420,60,419,60,419
62,363,63,363,63,363,63,358,64,358,65,358,65,352,65,352,66,352,66,345,67,345,67,344,67,338,68,338,68,338,68,333,69,333,70,333,70,330,70,330,71,329,71,327,72,327,72,327,72,323,73,323,73,323,73,321,74,321,75,320,75,318,75,318,76,318,76,316,77,316,77,315,77,313,78,313,78,313,78,312,79,312,80,312,80,310,80,310,81,309,81,307,82,307,82,307,82,303,83,303,83,303,83,300,84,300,85,299,85,296,85,296,86,295,86,295,88,295,88,295,88,296,89,296,89,297,90,297,92,297,92,298,92,298,93,298,93,299,93,300,95,300,95,300,96,301,98,301,98,302,98,302,100,302,100,303,101,303,103,303,103,304,103,305,105,305,105,312,105,312,104,312,104,314,103,314,103,315,103,317,102,317,102,317,102,319,101,319,100,320,100,322,100,322,99,322,99,324,98,324,98,325,98,327,97,327,97,327,97,328,96,328,95,328,95,330,95,330,94,331,94,333,93,333,93,333,93,335,92,335,92,336,92,338,91,338,90,338,90,342,90,342,89,342,89,348,88,348,88,348,88,354,87,354,87,355,87,362,86,362,85,362,85,368,85,368,84,368,84,369,78,369,78,368,78,368,62,368
66,461,74,461,75,460,75,460,88,460,88,460,88,461,89,461,89,467,90,467,90,467,90,470,91,471,92,471,92,475,92,476,93,476,93,482,93,482,94,482,94,485,95,486,95,486,95,489,96,490,97,490,97,492,97,492,98,492,98,494,98,495,99,495,99,497,100,497,100,497,100,499,101,500,102,500,102,502,102,502,103,502,103,504,103,505,104,505,104,505,105,506,105,506,105,508,106,508,107,508,107,510,107,511,108,511,108,514,107,514,107,515,107,515,106,515,105,516,105,517,103,517,103,517,103,518,102,518,102,518,102,519,100,519,99,520,99,520,98,520,98,521,98,522,97,522,97,522,97,523,95,523,94,523,94,524,93,524,93,525,93,525,92,525,92,526,92,527,91,527,91,526,90,525,90,525,90,525,89,524,88,524,88,523,88,523,87,523,87,521,87,520,86,520,86,518,85,518,85,518,85,517,84,517,83,517,83,516,83,515,82,515,82,513,82,513,81,513,81,512,80,512,80,512,80,510,79,509,78,509,78,507,78,507,77,507,77,505,77,504,76,504,76,502,75,502,75,502,75,498,74,498,73,498,73,493,73,493,72,493,72,487,72,487,71,487,71,483,70,483,70,483,70,477,69,477,68,477,68,472,68,472,67,472,67,466,67,465,66,465
101,363,102,363,102,363,102,362,103,362,103,363,103,363,118,363,118,364,118,365,124,365,124,424,123,424,123,425,123,425,110,425,109,426,109,427,102,427,102,412,103,412,103,412,103,390,103,389,102,389,102,371,102,370,101,370
102,435,124,435,124,435,125,436,125,436,125,473,126,473,127,473,127,474,126,474,125,475,125,475,105,475,105,475,104,474,103,474,103,462,103,462,102,462,102,458,103,458,103,458,103,455,103,454,102,454,102,453,103,453,103,453,103,437,103,437,102,437
108,320,109,320,110,319,110,313,110,313,111,313,111,310,112,310,112,309,112,306,118,306,118,307,118,307,119,307,119,310,118,310,118,311,118,324,118,325,119,325,119,330,115,330,115,330,114,329,113,329,113,330,113,330,111,330,111,330,110,329,110,329,110,323,109,323,108,323
112,506,113,506,113,505,113,501,114,501,115,500,115,498,115,498,116,498,116,497,119,497,119,498,120,498,124,498,124,502,123,502,123,502,123,504,122,504,122,505,122,507,121,507,120,507,120,517,121,517,122,517,122,519,122,520,123,520,123,522,123,522,124,522,124,524,125,525,125,525,125,525,126,526,127,526,127,527,127,527,128,527,128,528,128,528,129,528,129,529,130,530,132,530,132,530,132,531,135,531,135,532,136,532,140,532,141,532,141,531,144,531,144,532,145,532,149,532,150,532,150,531,150,531,151,530,151,530,152,530,152,529,152,528,153,528,153,528,153,527,154,527,155,527,155,526,155,526,156,525,156,525,157,525,157,524,157,523,158,523,158,523,158,521,159,521,160,520,160,520,162,520,162,520,162,521,165,521,165,522,166,522,167,522,167,524,166,524,165,525,165,527,165,527,164,527,164,529,163,529,163,530,163,532,162,532,162,532,162,533,161,533,160,533,160,534,158,534,158,535,158,535,156,535,155,536,155,537,145,537,144,537,144,538,133,538,133,537,133,537,131,537,131,536,130,535,128,535,128,535,128,534,126,534,126,533,125,533,125,533,125,532,124,532,122,532,122,530,122,529,121,529,121,526,120,525,120,525,120,525,119,524,116,524,116,523,115,523,115,523,115,521,114,520,113,520,113,516,113,515,112,515
133,387,155,387,155,389,156,390,157,390,157,410,156,410,155,411,155,429,155,429,154,430,154,432,155,432,155,432,155,433,155,433,154,433,154,435,140,435,139,436,139,437,136,437,135,437,135,438,133,438,133,432,134,432,135,432,135,421,134,420,133,420
148,297,149,297,150,297,150,295,150,295,151,294,151,293,155,293,155,294,156,295,158,295,158,295,158,296,159,296,159,297,160,297,160,297,160,298,161,298,163,298,163,299,163,300,164,300,164,302,165,302,165,302,165,305,166,306,167,306,167,308,167,308,168,308,168,310,167,310,167,311,167,312,160,312,160,311,159,310,158,310,158,308,158,308,157,308,157,306,157,305,156,305,156,305,155,304,155,304,155,303,154,303,153,303,153,302,153,302,152,302,152,301,152,300,151,300,151,300,150,299,150,299,150,298,149,298,148,298
153,335,154,335,155,334,155,333,155,333,156,333,156,332,157,332,157,332,157,330,158,330,158,329,158,326,159,326,160,325,160,321,160,321,161,320,161,320,164,320,164,320,165,321,168,321,168,324,167,324,167,325,167,329,166,329,165,330,165,333,165,333,164,333,164,334,163,334,163,335,163,337,162,337,162,337,162,338,161,338,160,338,160,339,160,339,159,340,159,340,156,340,156,340,155,339,155,339,155,338,154,338,153,338
