0,793,4,793,6,792,6,787,35,787,35,798,37,800,42,800,42,823,43,825,48,825,48,842,50,843,54,843,54,854,56,856,60,856,60,873,62,875,67,875,67,885,68,887,73,887,73,898,68,898,67,900,67,904,56,904,54,906,54,910,43,910,42,912,42,917,37,917,37,912,35,910,25,910,25,893,23,892,18,892,18,875,17,873,12,873,12,868,10,867,6,867,6,862,4,860,0,860
68,787,73,787,75,785,75,781,85,781,87,779,87,775,104,775,104,779,106,781,110,781,110,792,112,793,117,793,117,810,118,812,123,812,123,829,125,831,129,831,129,842,131,843,135,843,135,854,137,856,142,856,142,860,137,860,135,862,135,867,100,867,100,856,98,854,93,854,93,843,92,842,87,842,87,825,85,823,81,823,81,812,79,810,75,810,75,793,73,792,68,792
243,118,248,118,250,117,250,87,254,87,256,85,256,81,342,81,342,123,343,125,348,125,348,167,350,168,354,168,354,229,356,231,360,231,360,248,356,248,354,250,354,254,337,254,335,256,335,260,262,260,262,256,260,254,256,254,256,218,254,217,250,217,250,175,248,173,243,173
262,293,267,293,268,292,268,287,304,287,306,285,306,281,360,281,360,298,362,300,367,300,367,335,368,337,373,337,373,379,375,381,379,381,379,410,381,412,385,412,385,423,387,425,392,425,392,442,393,443,398,443,398,460,400,462,404,462,404,479,406,481,410,481,410,492,387,492,385,493,385,498,356,498,354,500,354,504,337,504,335,506,335,510,325,510,325,506,323,504,318,504,318,493,317,492,312,492,312,481,310,479,306,479,306,462,304,460,300,460,300,443,298,442,293,442,293,418,292,417,287,417,287,393,285,392,281,392,281,356,279,354,275,354,275,331,273,329,268,329,268,300,267,298,262,298
343,112,348,112,350,110,350,81,373,81,373,98,375,100,379,100,379,167,362,167,362,162,360,160,356,160,356,125,354,123,343,123
393,218,398,218,400,217,400,187,404,187,406,185,406,168,429,168,429,173,431,175,442,175,442,179,443,181,448,181,448,192,443,192,442,193,442,217,437,217,435,218,435,260,437,262,442,262,442,279,443,281,448,281,448,292,450,293,454,293,454,304,456,306,460,306,460,310,462,312,467,312,467,317,468,318,479,318,479,323,481,325,485,325,485,329,487,331,504,331,504,335,506,337,548,337,548,342,550,343,554,343,554,360,550,360,548,362,548,373,543,373,542,375,542,379,500,379,500,375,498,373,481,373,481,368,479,367,468,367,468,362,467,360,456,360,456,356,454,354,443,354,443,350,442,348,437,348,437,343,435,342,431,342,431,337,429,335,425,335,425,331,423,329,418,329,418,325,417,323,412,323,412,312,410,310,406,310,406,306,404,304,400,304,400,281,398,279,393,279
431,143,435,143,437,142,437,137,442,137,443,135,443,131,448,131,450,129,450,125,460,125,462,123,462,118,479,118,481,117,481,112,504,112,504,117,506,118,517,118,517,123,518,125,523,125,523,142,512,142,510,143,510,148,481,148,479,150,479,154,475,154,473,156,473,160,462,160,460,162,460,167,443,167,443,156,442,154,437,154,437,150,435,148,431,148
487,450,492,450,493,448,493,431,498,431,500,429,500,412,504,412,506,410,506,406,529,406,529,417,525,417,523,418,523,435,518,435,517,437,517,454,487,454
550,156,573,156,573,198,562,198,560,200,560,204,556,204,556,175,554,173,550,173
556,206,560,206,562,204,562,200,579,200,579,229,581,231,585,231,585,279,587,281,592,281,592,310,587,310,585,312,585,317,575,317,575,312,573,310,568,310,568,262,567,260,562,260,562,218,560,217,556,217
575,125,579,125,581,123,581,118,598,118,598,123,600,125,604,125,604,129,606,131,617,131,617,135,618,137,629,137,629,142,631,143,635,143,635,148,637,150,648,150,648,154,650,156,654,156,654,160,656,162,660,162,660,167,662,168,667,168,667,192,668,193,673,193,673,254,643,254,643,218,642,217,637,217,637,187,635,185,631,185,631,181,629,179,625,179,625,175,623,173,612,173,612,168,610,167,606,167,606,162,604,160,600,160,600,156,598,154,593,154,593,150,592,148,587,148,587,143,585,142,581,142,581,137,579,135,575,135
581,206,598,206,598,242,600,243,604,243,604,285,593,285,593,281,592,279,587,279,587,231,585,229,581,229
587,343,592,343,593,342,593,337,598,337,600,335,600,331,604,331,606,329,606,325,610,325,612,323,612,318,617,318,618,317,618,312,623,312,625,310,625,306,629,306,631,304,631,293,654,293,654,298,656,300,660,300,660,304,656,304,654,306,654,317,650,317,648,318,648,329,643,329,642,331,642,335,637,335,635,337,635,342,625,342,623,343,623,348,612,348,610,350,610,354,600,354,598,356,598,360,587,360
806,606,810,606,812,604,812,600,823,600,823,604,825,606,835,606,837,604,837,600,848,600,848,610,850,612,854,612,854,635,856,637,860,637,860,660,862,662,867,662,867,685,868,687,873,687,873,704,875,706,879,706,879,723,881,725,885,725,885,742,887,743,892,743,892,754,893,756,898,756,898,767,893,767,892,768,892,773,881,773,879,775,879,779,868,779,867,781,867,785,843,785,843,768,842,767,837,767,837,743,835,742,831,742,831,725,829,723,825,723,825,706,823,704,818,704,818,687,817,685,812,685,812,656,810,654,806,654
875,593,892,593,892,598,893,600,898,600,898,623,900,625,904,625,904,648,906,650,910,650,910,679,912,681,917,681,917,704,918,706,923,706,923,729,925,731,929,731,929,754,906,754,906,743,904,742,900,742,900,712,898,710,893,710,893,687,892,685,887,685,887,656,885,654,881,654,881,625,879,623,875,623
931,431,948,431,950,429,950,425,954,425,954,429,956,431,960,431,960,448,962,450,967,450,967,467,968,468,973,468,973,485,962,485,962,481,960,479,950,479,948,481,948,485,943,485,943,462,942,460,937,460,937,443,935,442,931,442
931,650,954,650,956,648,956,643,973,643,973,660,975,662,979,662,979,685,981,687,985,687,985,723,987,725,992,725,992,742,993,743,998,743,998,767,993,767,992,768,992,773,962,773,960,775,960,779,956,779,956,775,954,773,950,773,950,743,948,742,943,742,943,718,942,717,937,717,937,693,935,692,931,692
943,487,973,487,973,504,975,506,979,506,979,535,981,537,985,537,985,567,962,567,962,556,960,554,956,554,956,525,954,523,950,523,950,500,948,498,943,498
956,906,967,906,968,904,968,900,973,900,973,904,975,906,979,906,979,973,962,973,962,925,960,923,956,923
968,568,985,568,985,573,987,575,992,575,992,598,993,600,998,600,998,667,987,667,987,656,985,654,981,654,981,631,979,629,975,629,975,600,973,598,968,598
