142,72,163,72,164,70,164,67,172,67,173,66,173,63,181,63,181,70,182,72,185,72,185,75,186,76,190,76,190,84,191,85,194,85,194,93,195,94,198,94,198,102,200,103,203,103,203,111,204,112,207,112,207,120,208,121,212,121,212,129,213,130,216,130,216,147,217,148,221,148,221,241,222,243,225,243,225,273,186,273,186,270,185,268,182,268,182,202,181,201,177,201,177,157,176,156,173,156,173,139,172,138,168,138,168,130,167,129,164,129,164,121,163,120,160,120,160,108,158,106,155,106,155,99,154,97,151,97,151,90,150,88,146,88,146,76,145,75,142,75
386,265,394,265,395,264,395,261,398,261,400,259,400,256,407,256,408,255,408,252,412,252,413,250,413,247,416,247,417,246,417,243,425,243,426,241,426,238,434,238,434,241,435,243,438,243,438,255,435,255,434,256,434,259,431,259,430,261,430,264,422,264,421,265,421,268,417,268,416,270,416,273,408,273,407,274,407,277,404,277,403,279,403,282,395,282,395,274,394,273,391,273,391,270,390,268,386,268
435,234,438,234,440,232,440,229,443,229,444,228,444,225,452,225,453,223,453,220,456,220,457,219,457,216,465,216,466,214,466,211,478,211,478,214,480,216,483,216,483,219,484,220,487,220,487,228,484,228,483,229,483,232,475,232,474,234,474,237,466,237,465,238,465,241,462,241,461,243,461,246,440,246,440,243,438,241,435,241
457,283,461,283,462,282,462,279,474,279,475,277,475,274,487,274,488,273,488,270,501,270,501,282,502,283,505,283,505,295,506,297,510,297,510,309,511,310,514,310,514,322,515,324,518,324,518,336,520,337,523,337,523,354,524,355,527,355,527,367,528,369,532,369,532,381,533,382,536,382,536,390,537,391,541,391,541,480,537,480,536,481,536,489,533,489,532,490,532,502,528,502,527,504,527,516,524,516,523,517,523,529,520,529,518,531,518,538,515,538,514,540,514,547,511,547,510,549,510,556,506,556,505,558,505,565,502,565,501,567,501,574,497,574,496,576,496,579,484,579,484,576,483,574,462,574,462,562,465,562,466,561,466,549,470,549,471,547,471,540,474,540,475,538,475,526,478,526,480,525,480,508,483,508,484,507,484,490,487,490,488,489,488,477,492,477,493,475,493,450,496,450,497,448,497,414,496,412,493,412,493,396,492,394,488,394,488,378,487,376,484,376,484,369,483,367,480,367,480,355,478,354,475,354,475,342,474,340,471,340,471,333,470,331,466,331,466,319,465,318,462,318,462,306,461,304,457,304
480,211,483,211,484,210,484,207,487,207,488,205,488,202,496,202,497,201,497,198,501,198,502,196,502,193,510,193,511,192,511,189,514,189,515,187,515,184,532,184,532,187,533,189,536,189,536,192,533,192,532,193,532,196,528,196,527,198,527,201,520,201,518,202,518,205,515,205,514,207,514,210,506,210,505,211,505,214,502,214,501,216,501,219,484,219,484,216,483,214,480,214
506,571,510,571,511,570,511,562,514,562,515,561,515,553,518,553,520,552,520,544,523,544,524,543,524,531,527,531,528,529,528,522,532,522,533,520,533,504,536,504,537,502,537,481,541,481,542,480,542,373,545,373,545,376,546,378,576,378,576,381,577,382,581,382,581,390,582,391,585,391,585,493,582,493,581,495,581,507,577,507,576,508,576,520,573,520,572,522,572,529,568,529,567,531,567,538,564,538,563,540,563,552,560,552,558,553,558,561,555,561,554,562,554,565,551,565,550,567,550,574,546,574,545,576,545,583,506,583
528,180,532,180,533,178,533,175,541,175,542,174,542,171,545,171,546,169,546,166,558,166,558,169,560,171,563,171,563,178,560,178,558,180,558,183,551,183,550,184,550,187,542,187,541,189,541,192,537,192,537,189,536,187,533,187,533,184,532,183,528,183
582,387,594,387,595,385,595,382,603,382,603,385,604,387,607,387,607,457,604,457,603,459,603,471,595,471,594,472,594,475,586,475,586,391,585,390,582,390
595,234,598,234,600,232,600,225,603,225,604,223,604,220,607,220,608,219,608,216,612,216,613,214,613,211,630,211,630,214,631,216,634,216,634,223,635,225,638,225,638,232,640,234,643,234,643,241,644,243,647,243,647,246,648,247,652,247,652,255,653,256,656,256,656,259,657,261,661,261,661,264,662,265,665,265,665,273,666,274,670,274,670,277,671,279,674,279,674,286,675,288,678,288,678,291,680,292,683,292,683,300,684,301,687,301,687,313,688,315,692,315,692,327,693,328,696,328,696,349,697,351,701,351,701,376,697,376,696,378,696,381,684,381,683,382,683,385,671,385,670,387,670,390,657,390,657,351,656,349,653,349,653,333,652,331,648,331,648,319,647,318,644,318,644,315,643,313,640,313,640,306,638,304,635,304,635,301,634,300,631,300,631,297,630,295,626,295,626,292,625,291,622,291,622,283,621,282,617,282,617,279,616,277,613,277,613,274,612,273,608,273,608,265,607,264,604,264,604,261,603,259,600,259,600,247,598,246,595,246
604,607,607,607,608,606,608,598,612,598,613,597,613,585,616,585,617,583,617,576,621,576,622,574,622,567,625,567,626,565,626,553,630,553,631,552,631,535,634,535,635,534,635,531,652,531,653,529,653,526,656,526,656,534,657,535,670,535,670,538,671,540,687,540,687,543,684,543,683,544,683,561,680,561,678,562,678,570,675,570,674,571,674,579,671,579,670,580,670,588,666,588,665,589,665,597,662,597,661,598,661,606,657,606,656,607,656,610,653,610,652,612,652,615,648,615,647,616,647,619,604,619
648,198,652,198,653,196,653,193,656,193,657,192,657,189,665,189,665,192,666,193,670,193,670,196,671,198,674,198,674,201,675,202,678,202,678,210,680,211,683,211,683,214,684,216,687,216,687,223,688,225,692,225,692,228,688,228,687,229,687,232,675,232,675,229,674,228,666,228,666,225,665,223,662,223,662,216,661,214,657,214,657,211,656,210,653,210,653,207,652,205,648,205
648,517,652,517,653,516,653,490,656,490,657,489,657,423,661,423,662,421,662,405,665,405,666,403,666,400,674,400,675,399,675,396,687,396,688,394,688,391,701,391,701,394,702,396,705,396,705,408,706,409,710,409,710,430,706,430,705,432,705,480,702,480,701,481,701,502,697,502,696,504,696,520,693,520,692,522,692,529,680,529,678,531,678,534,675,534,675,531,674,529,657,529,657,526,656,525,653,525,653,522,652,520,648,520
684,603,687,603,688,601,688,594,692,594,693,592,693,585,696,585,697,583,697,580,701,580,702,579,702,571,705,571,706,570,706,562,710,562,711,561,711,549,714,549,715,547,715,535,718,535,720,534,720,522,723,522,724,520,724,508,727,508,728,507,728,504,745,504,745,511,742,511,741,513,741,525,737,525,736,526,736,543,733,543,732,544,732,561,728,561,727,562,727,570,724,570,723,571,723,579,720,579,718,580,718,583,715,583,714,585,714,592,711,592,710,594,710,601,706,601,705,603,705,610,702,610,701,612,701,615,697,615,696,616,696,619,693,619,693,616,692,615,684,615
693,247,701,247,702,246,702,243,705,243,705,246,706,247,710,247,710,255,711,256,714,256,714,264,715,265,718,265,718,273,720,274,723,274,723,277,724,279,727,279,727,291,728,292,732,292,732,304,733,306,736,306,736,318,737,319,741,319,741,331,733,331,732,333,732,336,728,336,728,333,727,331,724,331,724,319,723,318,720,318,720,306,718,304,715,304,715,297,714,295,711,295,711,283,710,282,706,282,706,274,705,273,702,273,702,270,701,268,697,268,697,261,696,259,693,259
728,486,732,486,733,484,733,409,754,409,754,462,751,462,750,463,750,493,746,493,745,495,745,498,733,498,733,495,732,493,728,493
733,373,750,373,750,381,751,382,754,382,754,403,733,403
