162,342,165,342,166,341,166,318,170,318,171,317,171,314,184,314,184,317,185,318,202,318,202,322,203,323,230,323,230,336,226,336,225,337,225,345,222,345,221,346,221,359,217,359,216,360,216,369,212,369,211,370,211,373,162,373
157,389,179,389,180,387,180,384,211,384,211,387,212,389,216,389,216,411,217,412,221,412,221,425,222,426,225,426,225,444,226,445,230,445,230,453,231,454,234,454,234,458,236,459,239,459,239,462,240,464,244,464,244,467,245,468,248,468,248,472,250,473,253,473,253,476,254,478,258,478,258,481,259,482,267,482,267,486,268,487,271,487,271,491,273,492,276,492,276,495,277,496,281,496,281,500,282,501,285,501,285,509,282,509,281,510,281,514,277,514,276,515,276,523,273,523,271,525,271,528,268,528,267,529,267,533,263,533,262,534,262,542,259,542,258,543,258,547,254,547,254,543,253,542,245,542,245,539,244,537,240,537,240,534,239,533,231,533,231,529,230,528,226,528,226,525,225,523,222,523,222,520,221,519,217,519,217,515,216,514,212,514,212,510,211,509,208,509,208,506,207,505,203,505,203,501,202,500,199,500,199,496,197,495,194,495,194,492,193,491,189,491,189,487,188,486,185,486,185,478,184,476,180,476,180,473,179,472,175,472,175,459,174,458,171,458,171,435,170,434,166,434,166,417,165,416,162,416,162,398,160,397,157,397
185,290,188,290,189,289,189,281,193,281,194,280,194,276,197,276,199,275,199,271,202,271,203,270,203,267,207,267,208,266,208,257,211,257,212,256,212,253,221,253,222,251,222,248,225,248,226,247,226,243,230,243,231,242,231,239,239,239,240,237,240,234,244,234,245,233,245,229,258,229,258,233,259,234,262,234,262,242,263,243,267,243,267,247,268,248,271,248,271,251,273,253,276,253,276,256,277,257,281,257,281,261,282,262,285,262,285,270,282,270,281,271,281,275,277,275,276,276,276,280,268,280,267,281,267,284,263,284,262,285,262,289,259,289,258,290,258,294,250,294,248,295,248,298,245,298,244,300,244,308,240,308,239,309,239,312,222,312,222,309,221,308,208,308,208,304,207,303,194,303,194,300,193,298,185,298
444,281,447,281,449,280,449,276,452,276,453,275,453,271,457,271,458,270,458,267,466,267,467,266,467,262,480,262,480,266,481,267,484,267,484,270,486,271,489,271,489,275,490,276,494,276,494,284,495,285,498,285,498,289,500,290,503,290,503,298,504,300,508,300,508,303,509,304,512,304,512,317,513,318,517,318,517,326,518,328,521,328,521,341,523,342,526,342,526,355,523,355,521,356,521,359,495,359,494,360,494,364,481,364,481,351,480,350,476,350,476,337,475,336,472,336,472,328,471,326,467,326,467,323,466,322,462,322,462,314,461,312,458,312,458,309,457,308,453,308,453,300,452,298,449,298,449,295,447,294,444,294
444,473,447,473,449,472,449,468,452,468,453,467,453,464,457,464,458,462,458,454,461,454,462,453,462,450,466,450,467,448,467,440,471,440,472,439,472,431,475,431,476,430,476,412,480,412,481,411,481,375,531,375,531,392,527,392,526,393,526,439,523,439,521,440,521,453,518,453,517,454,517,462,513,462,512,464,512,472,509,472,508,473,508,476,504,476,503,478,503,486,500,486,498,487,498,491,495,491,494,492,494,500,490,500,489,501,489,505,486,505,484,506,484,509,472,509,472,506,471,505,467,505,467,501,466,500,462,500,462,496,461,495,458,495,458,492,457,491,453,491,453,487,452,486,444,486
578,234,619,234,619,242,620,243,623,243,623,298,625,300,628,300,628,397,611,397,609,398,609,401,583,401,583,257,582,256,578,256
587,412,600,412,601,411,601,407,628,407,628,411,629,412,633,412,633,533,629,533,628,534,628,537,587,537
629,267,646,267,648,266,648,262,651,262,651,266,652,267,656,267,656,317,629,317
629,328,633,328,634,326,634,323,656,323,656,326,657,328,660,328,660,331,657,331,656,332,656,336,657,337,660,337,660,416,648,416,648,412,646,411,629,411,629,407,633,407,634,406,634,332,633,331,629,331
634,421,637,421,638,420,638,417,660,417,660,523,662,525,665,525,665,533,662,533,660,534,660,537,638,537,638,534,637,533,634,533
662,239,684,239,684,242,685,243,688,243,688,270,662,270
