35,567,38,567,40,565,40,513,43,513,44,511,44,486,47,486,48,484,48,463,52,463,53,462,53,445,56,445,57,444,57,432,61,432,62,430,62,414,65,414,66,412,66,409,70,409,71,408,71,405,74,405,74,408,75,409,96,409,96,412,97,414,101,414,101,439,97,439,96,441,96,466,93,466,92,468,92,489,88,489,87,490,87,520,84,520,83,522,83,552,80,552,78,553,78,574,75,574,74,576,74,579,40,579,40,576,38,574,35,574
44,616,47,616,48,615,48,589,74,589,74,655,71,655,70,657,70,660,44,660
62,225,65,225,66,223,66,193,70,193,71,192,71,166,74,166,75,165,75,130,78,130,80,129,80,121,87,121,87,124,88,126,110,126,110,129,111,130,114,130,114,160,111,160,110,162,110,196,106,196,105,198,105,228,102,228,101,229,101,237,97,237,96,238,96,241,93,241,92,243,92,250,88,250,87,252,87,255,84,255,83,256,83,259,62,259
80,94,83,94,84,93,84,58,118,58,118,106,115,106,114,108,114,115,80,115
146,526,176,526,177,525,177,522,194,522,194,525,195,526,198,526,200,525,200,522,207,522,207,570,204,570,203,571,203,583,200,583,198,585,198,610,195,610,194,612,194,628,191,628,190,630,190,642,182,642,181,643,181,646,151,646,151,549,150,547,146,547
422,346,425,346,426,345,426,301,430,301,431,300,431,279,434,279,435,277,435,265,438,265,440,264,440,247,443,247,444,246,444,229,447,229,448,228,448,216,452,216,453,214,453,202,456,202,457,201,457,184,461,184,462,183,462,166,465,166,466,165,466,157,470,157,471,156,471,139,474,139,475,138,475,121,478,121,480,120,480,112,483,112,484,111,484,99,487,99,488,97,488,81,492,81,493,79,493,72,501,72,501,75,502,76,514,76,514,79,515,81,536,81,536,84,537,85,581,85,581,93,582,94,585,94,585,106,586,108,590,108,590,120,586,120,585,121,585,138,582,138,581,139,581,147,577,147,576,148,576,165,573,165,572,166,572,187,568,187,567,189,567,214,564,214,563,216,563,237,560,237,558,238,558,255,555,255,554,256,554,259,551,259,550,261,550,268,546,268,545,270,545,286,542,286,541,288,541,304,537,304,536,306,536,403,537,405,541,405,541,489,537,489,536,490,536,565,533,565,532,567,532,579,528,579,527,580,527,588,493,588,492,589,492,592,462,592,462,589,461,588,448,588,448,585,447,583,440,583,440,576,438,574,435,574,435,567,434,565,431,565,431,544,430,543,426,543,426,472,425,471,422,471
546,306,550,306,551,304,551,288,554,288,555,286,555,256,558,256,560,255,560,238,563,238,564,237,564,216,567,216,568,214,568,189,572,189,573,187,573,166,576,166,577,165,577,148,581,148,582,147,582,139,585,139,586,138,586,121,590,121,591,120,591,108,590,106,586,106,586,94,585,93,582,93,582,85,590,85,590,88,591,90,594,90,595,88,595,76,598,76,600,75,600,63,603,63,604,61,604,49,607,49,608,48,608,40,630,40,630,43,631,45,647,45,647,48,648,49,687,49,687,52,688,54,732,54,732,93,728,93,727,94,727,111,724,111,723,112,723,124,720,124,718,126,718,142,715,142,714,144,714,160,711,160,710,162,710,174,706,174,705,175,705,187,702,187,701,189,701,201,697,201,696,202,696,214,693,214,692,216,692,232,688,232,687,234,687,246,684,246,683,247,683,268,680,268,678,270,678,300,675,300,674,301,674,493,675,495,678,495,678,516,680,517,683,517,683,538,684,540,687,540,687,561,688,562,692,562,692,588,693,589,696,589,696,646,697,648,701,648,701,664,697,664,696,666,696,669,657,669,657,666,656,664,573,664,572,666,572,669,560,669,560,661,558,660,555,660,555,589,554,588,551,588,551,522,550,520,546,520
857,81,892,81,893,79,893,76,896,76,896,79,897,81,901,81,901,138,902,139,905,139,905,205,906,207,910,207,910,228,875,228,874,229,874,232,866,232,866,189,865,187,862,187,862,112,861,111,857,111
875,243,878,243,878,246,880,247,896,247,897,246,897,243,910,243,910,331,906,331,905,333,905,336,875,336
875,355,905,355,906,354,906,351,910,351,910,354,911,355,914,355,914,358,911,358,910,360,910,376,911,378,914,378,914,403,911,403,910,405,910,417,911,418,914,418,914,430,911,430,910,432,910,435,875,435
875,454,878,454,880,453,880,450,901,450,901,453,902,454,910,454,911,453,911,450,914,450,914,453,915,454,918,454,918,493,920,495,923,495,923,516,924,517,927,517,927,552,928,553,932,553,932,556,928,556,927,558,927,570,911,570,910,571,910,574,884,574,884,562,883,561,880,561,880,522,878,520,875,520
915,45,941,45,942,43,942,40,950,40,950,43,951,45,954,45,954,70,955,72,958,72,958,111,960,112,963,112,963,147,946,147,945,148,945,151,924,151,924,108,923,106,920,106,920,72,918,70,915,70
924,162,950,162,950,165,951,166,963,166,963,255,964,256,967,256,967,309,933,309,933,306,932,304,928,304,928,225,927,223,924,223
933,324,967,324,967,327,968,328,972,328,972,363,968,363,967,364,967,367,937,367,937,364,936,363,933,363
928,387,932,387,933,385,933,382,967,382,967,394,968,396,972,396,972,457,964,457,963,459,963,462,937,462,936,463,936,466,933,466,933,459,932,457,928,457
933,477,936,477,937,475,937,472,950,472,950,475,951,477,972,477,972,484,973,486,976,486,976,538,977,540,981,540,981,601,951,601,951,598,950,597,942,597,942,553,941,552,937,552,937,486,936,484,933,484
973,45,1012,45,1012,70,1013,72,1016,72,1016,124,1000,124,998,126,998,129,977,129,977,99,976,97,973,97
977,139,1021,139,1021,196,1022,198,1025,198,1025,246,1017,246,1016,247,1016,250,991,250,991,247,990,246,986,246,986,189,985,187,982,187,982,153,981,151,977,151
986,265,1030,265,1030,277,1026,277,1025,279,1025,300,1026,301,1030,301,1030,345,1013,345,1012,346,1012,349,986,349
986,369,990,369,991,367,991,364,1007,364,1008,363,1008,360,1012,360,1012,363,1013,364,1016,364,1017,363,1017,360,1034,360,1034,363,1035,364,1038,364,1038,381,1035,381,1034,382,1034,408,1035,409,1038,409,1038,444,1035,444,1034,445,1034,448,1031,448,1030,450,1030,453,1008,453,1007,454,1007,457,995,457,995,454,994,453,991,453,991,405,990,403,986,403
991,472,994,472,995,471,995,468,1030,468,1030,480,1031,481,1034,481,1034,583,1022,583,1021,585,1021,588,1000,588,1000,558,998,556,995,556,995,495,994,493,991,493
1057,27,1061,27,1062,25,1062,22,1087,22,1087,25,1088,27,1092,27,1092,30,1093,31,1096,31,1096,75,1097,76,1101,76,1101,79,1097,79,1096,81,1096,84,1066,84,1066,76,1065,75,1062,75,1062,31,1061,30,1057,30
1071,94,1101,94,1101,97,1102,99,1105,99,1105,115,1106,117,1110,117,1110,129,1106,129,1105,130,1105,138,1093,138,1093,135,1092,133,1071,133
1071,144,1105,144,1105,169,1106,171,1110,171,1110,178,1106,178,1105,180,1105,183,1084,183,1084,180,1083,178,1071,178
1071,189,1078,189,1078,192,1080,193,1087,193,1088,192,1088,189,1105,189,1105,196,1106,198,1110,198,1110,268,1088,268,1088,265,1087,264,1075,264,1075,247,1074,246,1071,246
1071,279,1074,279,1075,277,1075,274,1110,274,1110,376,1075,376,1075,324,1074,322,1071,322
1075,387,1078,387,1080,385,1080,382,1083,382,1083,385,1084,387,1087,387,1088,385,1088,382,1096,382,1096,385,1097,387,1101,387,1102,385,1102,382,1105,382,1105,385,1106,387,1110,387,1110,399,1111,400,1114,400,1114,480,1080,480,1080,414,1078,412,1075,412
1075,495,1078,495,1080,493,1080,490,1110,490,1110,493,1111,495,1114,495,1114,498,1115,499,1118,499,1118,534,1120,535,1123,535,1123,588,1120,588,1118,589,1118,606,1084,606,1084,544,1083,543,1080,543,1080,508,1078,507,1075,507
1160,90,1163,90,1164,88,1164,85,1194,85,1194,88,1195,90,1198,90,1198,147,1200,148,1203,148,1203,232,1173,232,1172,234,1172,237,1168,237,1168,234,1167,232,1164,232,1164,103,1163,102,1160,102
1168,396,1190,396,1191,394,1191,391,1198,391,1198,394,1200,396,1212,396,1212,453,1208,453,1207,454,1207,457,1208,459,1212,459,1212,516,1177,516,1177,513,1176,511,1173,511,1173,409,1172,408,1168,408
1204,85,1230,85,1231,84,1231,81,1238,81,1238,84,1240,85,1243,85,1243,138,1244,139,1247,139,1247,223,1248,225,1252,225,1252,250,1213,250,1213,162,1212,160,1208,160,1208,103,1207,102,1204,102
1213,324,1221,324,1221,327,1222,328,1256,328,1256,417,1253,417,1252,418,1252,426,1253,427,1256,427,1256,439,1253,439,1252,441,1252,444,1240,444,1240,441,1238,439,1226,439,1225,441,1225,444,1217,444,1217,427,1216,426,1213,426
1217,450,1252,450,1252,453,1253,454,1256,454,1256,493,1257,495,1261,495,1261,579,1257,579,1256,580,1256,583,1248,583,1247,585,1247,588,1226,588,1226,549,1225,547,1222,547,1222,499,1221,498,1217,498
