165,90,181,90,182,89,182,86,184,86,184,99,185,100,188,100,188,105,189,106,191,106,191,109,192,110,194,110,194,112,195,113,201,113,201,115,202,116,211,116,211,119,212,120,215,120,215,122,212,122,211,123,211,125,209,125,208,126,208,132,195,132,195,130,194,129,192,129,192,126,191,125,185,125,185,123,184,122,182,122,182,120,181,119,178,119,178,116,178,115,175,115,175,110,174,109,172,109,172,103,171,102,168,102,168,93,167,92,165,92
168,80,171,80,172,79,172,70,174,70,175,69,175,63,178,63,178,62,178,56,181,56,182,55,182,53,188,53,189,52,189,50,191,50,192,49,192,46,194,46,195,45,195,43,201,43,201,45,202,46,205,46,205,49,205,50,208,50,208,55,205,55,205,56,205,59,199,59,198,60,198,62,195,62,194,63,194,65,192,65,191,66,191,69,189,69,188,70,188,72,185,72,184,73,184,85,178,85,178,83,178,82,168,82
185,490,188,490,189,489,189,486,205,486,205,489,205,490,211,490,211,509,209,509,208,510,208,515,205,515,205,516,205,519,185,519
219,46,232,46,232,49,232,50,238,50,238,52,239,53,242,53,242,59,243,60,245,60,245,69,246,70,248,70,248,72,246,72,245,73,245,79,246,80,252,80,252,85,243,85,243,83,242,82,239,82,239,76,238,75,236,75,236,70,235,69,232,69,232,66,232,65,229,65,229,63,228,62,226,62,226,60,225,59,219,59
219,156,221,156,222,155,222,153,235,153,235,155,236,156,242,156,243,155,243,153,245,153,245,155,246,156,248,156,248,202,249,203,252,203,252,232,219,232
216,240,218,240,219,239,219,236,221,236,221,239,222,240,245,240,245,242,246,243,248,243,248,289,249,290,252,290,252,309,249,309,248,310,248,312,243,312,243,310,242,309,219,309,219,303,221,303,222,302,222,286,221,285,219,285,219,246,218,245,216,245
219,320,248,320,248,372,249,373,252,373,252,385,249,385,248,386,248,409,246,409,245,410,245,412,219,412,219,386,221,386,222,385,222,376,221,375,219,375,219,366,221,366,222,365,222,360,221,359,219,359
216,423,218,423,219,422,219,420,245,420,245,512,216,512,216,433,218,433,219,432,219,430,218,429,216,429
216,520,225,520,226,519,226,516,245,516,245,532,246,533,248,533,248,539,246,539,245,540,245,572,219,572,219,570,218,569,216,569
216,576,221,576,221,579,222,580,245,580,245,629,246,630,248,630,248,669,249,670,252,670,252,675,249,675,248,676,248,679,232,679,232,680,232,682,219,682,219,680,218,679,216,679,216,666,218,666,219,665,219,650,218,649,216,649
