48,328,52,328,53,327,53,306,56,306,57,304,57,297,61,297,62,295,62,288,65,288,66,286,66,279,87,279,87,282,88,283,96,283,96,286,97,288,101,288,101,300,97,300,96,301,96,309,93,309,92,310,92,318,88,318,87,319,87,340,84,340,83,342,83,358,48,358
48,373,52,373,53,372,53,369,87,369,87,372,88,373,92,373,92,403,93,405,96,405,96,430,71,430,70,432,70,435,66,435,66,432,65,430,62,430,62,427,61,426,57,426,57,418,56,417,53,417,53,405,52,403,48,403
71,445,78,445,80,444,80,441,101,441,101,444,102,445,105,445,105,453,106,454,110,454,110,457,111,459,114,459,114,466,115,468,118,468,118,471,120,472,123,472,123,475,124,477,127,477,127,493,120,493,118,495,118,498,111,498,110,499,110,502,106,502,105,504,105,507,102,507,102,504,101,502,97,502,97,499,96,498,93,498,93,490,92,489,88,489,88,486,87,484,84,484,84,481,83,480,80,480,80,468,78,466,75,466,75,459,74,457,71,457
106,315,110,315,111,313,111,310,127,310,127,313,128,315,132,315,133,313,133,310,163,310,163,313,164,315,167,315,167,349,168,351,172,351,172,385,173,387,176,387,176,408,177,409,181,409,181,435,182,436,185,436,185,475,182,475,181,477,181,480,155,480,154,481,154,484,137,484,137,481,136,480,133,480,133,472,132,471,128,471,128,450,127,448,124,448,124,432,123,430,120,430,120,414,118,412,115,412,115,373,114,372,111,372,111,328,110,327,106,327
208,301,252,301,252,304,253,306,265,306,265,313,266,315,270,315,270,327,271,328,274,328,274,358,271,358,270,360,270,376,271,378,278,378,278,390,275,390,274,391,274,408,275,409,278,409,280,408,280,405,283,405,283,421,284,423,287,423,287,448,284,448,283,450,283,471,231,471,231,468,230,466,226,466,226,450,225,448,222,448,222,427,221,426,217,426,217,396,216,394,213,394,213,364,212,363,208,363
262,301,265,301,266,300,266,256,270,256,271,255,271,243,270,241,266,241,266,238,270,238,271,237,271,207,274,207,275,205,275,193,278,193,280,192,280,171,283,171,284,169,284,166,287,166,288,165,288,162,292,162,293,160,293,157,310,157,310,160,311,162,323,162,323,165,324,166,332,166,332,169,333,171,341,171,341,174,342,175,350,175,350,178,351,180,358,180,358,183,360,184,367,184,367,187,368,189,376,189,376,192,377,193,381,193,381,223,377,223,376,225,376,259,373,259,372,261,372,390,373,391,376,391,376,421,377,423,381,423,381,444,382,445,385,445,385,466,386,468,390,468,390,493,391,495,394,495,394,516,395,517,398,517,398,534,400,535,403,535,403,552,404,553,407,553,407,574,404,574,403,576,403,579,395,579,394,580,394,583,368,583,367,585,367,588,355,588,354,589,354,592,351,592,350,594,350,597,337,597,336,598,336,601,333,601,333,598,332,597,328,597,328,594,327,592,324,592,324,580,323,579,320,579,320,567,318,565,315,565,315,553,314,552,311,552,311,535,310,534,306,534,306,513,305,511,302,511,302,504,301,502,297,502,297,486,296,484,293,484,293,463,292,462,288,462,288,423,287,421,284,421,284,405,283,403,280,403,280,378,278,376,275,376,275,328,274,327,271,327,271,315,270,313,266,313,266,306,265,304,262,304
395,99,398,99,400,97,400,76,421,76,422,75,422,72,438,72,438,75,440,76,443,76,443,124,440,124,438,126,438,147,435,147,434,148,434,151,408,151,407,153,407,156,404,156,404,153,403,151,395,151
595,481,625,481,625,561,600,561,600,531,598,529,595,529
622,189,625,189,625,192,626,193,652,193,652,201,653,202,656,202,656,219,653,219,652,220,652,286,653,288,656,288,656,295,653,295,652,297,652,300,635,300,634,301,634,304,626,304,626,279,625,277,622,277
626,459,630,459,631,457,631,454,634,454,634,457,635,459,652,459,652,507,653,508,656,508,656,552,631,552,631,504,630,502,626,502,626,495,630,495,631,493,631,486,630,484,626,484
653,189,692,189,692,300,688,300,687,301,687,304,662,304,662,301,661,300,657,300,657,202,656,201,653,201
715,468,718,468,720,466,720,463,727,463,727,466,728,468,745,468,745,471,746,472,750,472,750,484,751,486,754,486,754,489,751,489,750,490,750,552,746,552,745,553,745,556,720,556,720,513,718,511,715,511
751,450,772,450,772,453,773,454,776,454,776,489,773,489,773,486,772,484,760,484,758,486,758,489,755,489,755,486,754,484,751,484,751,472,754,472,755,471,755,468,754,466,751,466
751,490,781,490,781,511,777,511,776,513,776,525,777,526,781,526,781,570,777,570,776,571,776,574,773,574,773,571,772,570,751,570
760,0,776,0,776,3,777,4,781,4,781,21,768,21,768,18,767,16,760,16
866,225,870,225,871,223,871,220,896,220,896,358,871,358,871,342,870,340,866,340
866,364,870,364,871,363,871,360,874,360,874,363,875,364,896,364,896,381,893,381,892,382,892,435,875,435,874,436,874,439,871,439,871,436,870,435,866,435
866,441,874,441,874,444,875,445,896,445,896,475,893,475,892,477,892,502,893,504,896,504,896,516,893,516,892,517,892,520,866,520
902,162,932,162,932,237,906,237,906,216,905,214,902,214
902,247,905,247,906,246,906,238,914,238,914,241,915,243,932,243,932,246,933,247,936,247,936,286,902,286
902,288,936,288,936,295,937,297,941,297,941,309,937,309,936,310,936,313,933,313,932,315,932,376,928,376,928,373,927,372,911,372,910,373,910,376,906,376,906,369,905,367,902,367
902,382,905,382,906,381,906,378,932,378,932,403,928,403,927,405,927,448,902,448
902,463,905,463,906,462,906,459,927,459,927,489,902,489
902,490,927,490,927,502,928,504,932,504,932,525,928,525,927,526,927,529,902,529
902,531,927,531,927,534,928,535,936,535,936,538,933,538,932,540,932,570,920,570,920,567,918,565,902,565
933,468,936,468,937,466,937,463,941,463,941,466,942,468,950,468,951,466,951,463,958,463,958,466,960,468,963,468,963,471,964,472,967,472,967,475,964,475,963,477,963,520,964,522,967,522,967,543,951,543,951,540,950,538,946,538,945,540,945,543,937,543,937,535,936,534,933,534
937,189,941,189,942,187,942,184,945,184,945,187,946,189,972,189,972,192,973,193,976,193,976,205,973,205,972,207,972,228,951,228,950,229,950,232,942,232,942,198,941,196,937,196
937,310,941,310,942,309,942,306,945,306,945,309,946,310,963,310,963,340,964,342,967,342,967,363,968,364,972,364,972,372,937,372
933,450,936,450,937,448,937,378,967,378,967,421,964,421,963,423,963,457,960,457,958,459,958,462,951,462,951,459,950,457,933,457
942,234,972,234,972,246,973,247,981,247,981,250,977,250,976,252,976,255,968,255,967,256,967,264,968,265,972,265,972,282,968,282,967,283,967,304,964,304,963,306,963,309,960,309,960,306,958,304,942,304
964,468,967,468,968,466,968,427,972,427,973,426,973,414,1003,414,1003,426,1000,426,998,427,998,462,995,462,994,463,994,480,982,480,982,477,981,475,973,475,972,477,972,480,968,480,968,472,967,471,964,471
973,256,976,256,977,255,977,252,998,252,998,255,1000,256,1003,256,1003,295,1000,295,998,297,998,313,1000,315,1003,315,1003,322,995,322,994,324,994,327,986,327,986,324,985,322,977,322,976,324,976,327,973,327
968,333,972,333,973,331,973,328,976,328,976,331,977,333,985,333,986,331,986,328,994,328,995,327,995,324,1003,324,1003,367,1000,367,998,369,998,372,973,372,973,342,972,340,968,340
973,378,998,378,998,381,1000,382,1003,382,1003,394,1000,394,998,396,998,399,1000,400,1003,400,1003,403,1000,403,998,405,998,408,973,408
1013,472,1016,472,1017,471,1017,454,1021,454,1022,453,1022,450,1047,450,1047,466,1044,466,1043,468,1043,480,1040,480,1038,481,1038,498,1035,498,1034,499,1034,507,1031,507,1030,508,1030,511,1022,511,1022,508,1021,507,1013,507
1040,508,1043,508,1044,507,1044,499,1070,499,1071,498,1071,495,1074,495,1075,493,1075,490,1092,490,1093,489,1093,486,1096,486,1096,507,1093,507,1092,508,1092,529,1088,529,1087,531,1087,538,1057,538,1057,535,1056,534,1053,534,1053,526,1052,525,1048,525,1048,522,1047,520,1040,520
1044,490,1047,490,1048,489,1048,481,1052,481,1053,480,1053,463,1056,463,1057,462,1057,445,1087,445,1087,448,1088,450,1092,450,1092,457,1088,457,1087,459,1087,466,1084,466,1083,468,1083,480,1080,480,1078,481,1078,484,1080,486,1083,486,1083,489,1075,489,1074,490,1074,493,1071,493,1070,495,1070,498,1044,498
1088,468,1092,468,1093,466,1093,459,1096,459,1097,457,1097,454,1118,454,1118,457,1120,459,1123,459,1123,471,1124,472,1127,472,1127,498,1124,498,1123,499,1123,511,1120,511,1118,513,1118,520,1115,520,1114,522,1114,529,1111,529,1110,531,1110,534,1097,534,1097,531,1096,529,1093,529,1093,508,1096,508,1097,507,1097,486,1096,484,1093,484,1093,472,1092,471,1088,471
