213,226,216,226,216,225,216,223,230,223,231,222,231,219,248,219,248,218,248,216,255,216,255,229,256,230,258,230,258,355,259,356,262,356,262,413,263,414,265,414,265,416,263,416,262,417,262,423,238,423,237,424,237,427,224,427,223,428,223,431,220,431,220,428,219,427,216,427,216,421,219,421,220,420,220,414,219,413,216,413,216,277,216,276,213,276
256,216,258,216,258,218,259,219,265,219,266,218,266,216,276,216,276,218,277,219,280,219,280,261,277,261,276,262,276,265,273,265,273,262,272,261,270,261,269,262,269,265,259,265,259,255,262,255,263,254,263,230,262,229,256,229
259,266,280,266,280,312,280,313,283,313,283,337,280,337,280,338,280,341,277,341,277,338,276,337,266,337,266,324,265,323,263,323,263,284,262,283,259,283
266,342,283,342,283,344,280,344,280,345,280,387,280,388,283,388,283,413,280,413,280,414,280,416,273,416,273,414,272,413,270,413,270,403,269,402,266,402
359,252,361,252,362,251,362,226,365,226,366,225,366,212,368,212,369,211,369,194,372,194,373,193,373,172,376,172,376,171,376,158,379,158,380,157,380,147,383,147,384,146,384,133,386,133,387,132,387,122,390,122,391,121,391,118,489,118,489,121,490,122,496,122,497,121,497,118,518,118,518,121,519,122,521,122,521,132,519,132,518,133,518,139,515,139,514,140,514,146,512,146,511,147,511,153,508,153,507,154,507,161,504,161,504,162,504,168,501,168,500,169,500,175,497,175,496,176,496,179,494,179,493,180,493,182,490,182,489,183,489,193,487,193,486,194,486,197,483,197,482,198,482,204,480,204,479,205,479,211,476,211,475,212,475,218,472,218,472,219,472,225,469,225,468,226,468,233,465,233,464,234,464,240,462,240,461,241,461,247,458,247,457,248,457,254,455,254,454,255,454,265,451,265,450,266,450,276,448,276,447,277,447,290,444,290,443,291,443,308,440,308,440,309,440,326,437,326,436,327,436,380,437,381,440,381,440,409,440,410,443,410,443,423,444,424,447,424,447,445,448,446,450,446,450,459,451,460,454,460,454,477,455,478,457,478,457,488,458,489,461,489,461,495,462,496,464,496,464,503,462,503,461,504,461,506,451,506,450,507,450,510,440,510,440,511,440,513,433,513,432,514,432,517,426,517,425,518,425,521,423,521,422,522,422,524,419,524,419,522,418,521,416,521,416,518,415,517,412,517,412,511,411,510,408,510,408,504,408,503,405,503,405,496,404,495,401,495,401,489,400,488,398,488,398,482,397,481,394,481,394,471,393,470,391,470,391,464,390,463,387,463,387,453,386,452,384,452,384,442,383,441,380,441,380,428,379,427,376,427,376,417,376,416,373,416,373,403,372,402,369,402,369,396,368,395,366,395,366,381,365,380,362,380,362,360,361,359,359,359
458,345,461,345,462,344,462,320,464,320,465,319,465,295,468,295,469,294,469,273,472,273,472,272,472,259,507,259,507,261,508,262,528,262,528,276,526,276,525,277,525,290,522,290,521,291,521,305,519,305,518,306,518,319,515,319,514,320,514,333,512,333,511,334,511,348,508,348,507,349,507,366,504,366,504,367,504,395,501,395,500,396,500,474,497,474,496,475,496,477,487,477,486,478,486,481,465,481,465,460,464,459,462,459,462,421,461,420,458,420
490,183,493,183,494,182,494,180,496,180,496,182,497,183,500,183,500,186,501,187,511,187,512,186,512,183,521,183,521,186,522,187,525,187,525,193,526,194,528,194,528,207,529,208,532,208,532,225,529,225,528,226,528,229,526,229,525,230,525,236,519,236,518,237,518,240,497,240,497,237,496,236,494,236,494,187,493,186,490,186
512,414,514,414,515,413,515,381,518,381,519,380,519,360,521,360,522,359,522,342,525,342,526,341,526,334,528,334,529,333,529,324,532,324,533,323,533,316,536,316,536,315,536,306,539,306,540,305,540,298,543,298,544,297,544,291,546,291,547,290,547,288,550,288,550,290,551,291,557,291,557,294,558,295,568,295,568,305,565,305,564,306,564,312,561,312,560,313,560,323,558,323,557,324,557,330,554,330,553,331,553,341,551,341,550,342,550,348,547,348,546,349,546,366,544,366,543,367,543,384,540,384,539,385,539,409,536,409,536,410,536,470,536,471,539,471,539,521,515,521,515,518,514,517,512,517
725,10,756,10,757,9,757,7,770,7,770,9,771,10,792,10,792,13,792,14,795,14,795,20,796,21,799,21,799,35,725,35
817,68,834,68,834,74,835,75,838,75,838,85,839,86,841,86,841,99,842,100,845,100,845,107,839,107,838,108,838,110,828,110,828,108,827,107,824,107,824,97,824,96,821,96,821,79,820,78,817,78
832,115,841,115,842,114,842,111,848,111,848,125,849,126,852,126,852,132,849,132,848,133,848,135,846,135,846,133,845,132,842,132,841,133,841,135,839,135,839,133,838,132,835,132,835,118,834,117,832,117
839,151,859,151,859,168,860,169,863,169,863,182,864,183,866,183,866,197,867,198,870,198,870,211,871,212,873,212,873,222,860,222,859,223,859,225,856,225,856,223,856,222,853,222,853,216,852,215,849,215,849,201,848,200,846,200,846,187,845,186,842,186,842,172,841,171,839,171
846,90,856,90,856,89,856,86,863,86,863,92,864,93,866,93,866,99,867,100,870,100,870,110,871,111,873,111,873,125,874,126,877,126,877,143,878,144,880,144,880,146,878,146,877,147,877,150,864,150,864,140,863,139,860,139,860,129,859,128,856,128,856,115,856,114,853,114,853,104,852,103,849,103,849,97,848,96,846,96
856,230,866,230,867,229,867,226,873,226,873,229,874,230,877,230,877,254,878,255,880,255,880,276,881,277,884,277,884,279,881,279,880,280,880,283,864,283,864,266,863,265,860,265,860,244,859,243,856,243
864,154,877,154,878,153,878,151,880,151,880,153,881,154,884,154,884,168,885,169,888,169,888,179,888,180,891,180,891,193,892,194,895,194,895,215,896,216,898,216,898,233,899,234,902,234,902,247,885,247,885,237,884,236,881,236,881,219,880,218,878,218,878,205,877,204,874,204,874,187,873,186,871,186,871,172,870,171,867,171,867,162,866,161,864,161
867,288,884,288,884,294,885,295,888,295,888,315,871,315,871,306,870,305,867,305
871,320,884,320,885,319,885,316,891,316,891,341,892,342,895,342,895,359,896,360,898,360,898,369,885,369,884,370,884,373,881,373,881,370,880,369,878,369,878,352,877,351,874,351,874,327,873,326,871,326
881,378,898,378,898,380,899,381,902,381,902,405,903,406,905,406,905,431,906,432,909,432,909,459,892,459,892,453,891,452,888,452,888,428,888,427,885,427,885,403,884,402,881,402
892,273,905,273,905,276,906,277,909,277,909,301,910,302,912,302,912,319,913,320,916,320,916,330,903,330,902,331,902,333,899,333,899,316,898,315,896,315,896,298,895,297,892,297
899,338,905,338,906,337,906,334,920,334,920,348,920,349,923,349,923,362,924,363,927,363,927,387,928,388,930,388,930,427,931,428,934,428,934,441,924,441,923,442,923,445,913,445,913,428,912,427,910,427,910,388,909,387,906,387,906,367,905,366,903,366,903,345,902,344,899,344
