231,66,241,66,241,70,242,72,265,72,265,76,266,78,271,78,271,130,242,130,242,126,241,124,237,124,237,102,235,100,231,100
237,144,265,144,266,142,266,138,271,138,271,184,272,186,277,186,277,226,272,226,271,228,271,262,242,262,242,186,241,184,237,184
237,672,247,672,247,676,248,678,265,678,265,706,260,706,259,708,259,718,260,720,265,720,265,736,266,738,271,738,271,742,272,744,277,744,277,748,278,750,282,750,282,760,272,760,271,762,271,766,254,766,254,756,253,754,248,754,248,750,247,748,242,748,242,738,241,736,237,736
254,648,259,648,260,646,260,636,265,636,266,634,266,630,271,630,272,628,272,624,277,624,278,622,278,618,288,618,290,616,290,612,294,612,296,610,296,606,324,606,325,604,325,600,336,600,336,604,337,606,389,606,389,610,391,612,407,612,407,616,408,618,419,618,419,622,420,624,431,624,431,628,432,630,437,630,437,640,432,640,431,642,431,646,414,646,414,642,413,640,402,640,402,636,401,634,391,634,391,630,389,628,367,628,367,624,365,622,349,622,348,624,348,628,314,628,312,630,312,634,302,634,300,636,300,640,290,640,288,642,288,646,284,646,282,648,282,652,278,652,277,654,277,658,266,658,266,654,265,652,254,652
272,768,277,768,278,766,278,762,300,762,300,766,302,768,306,768,306,772,308,774,312,774,312,778,314,780,330,780,330,784,331,786,336,786,336,790,331,790,330,792,330,802,325,802,324,804,324,808,308,808,308,804,306,802,302,802,302,798,300,796,290,796,290,792,288,790,284,790,284,786,282,784,278,784,278,780,277,778,272,778
278,60,282,60,284,58,284,54,288,54,288,58,290,60,306,60,308,58,308,54,318,54,318,226,320,228,324,228,324,274,320,274,318,276,318,280,284,280,284,174,282,172,278,172,278,156,282,156,284,154,284,72,282,70,278,70
308,342,330,342,330,364,331,366,336,366,336,460,308,460,308,456,312,456,314,454,314,444,312,442,308,442
308,462,330,462,330,502,308,502
331,816,336,816,337,814,337,798,342,798,343,796,343,792,371,792,371,826,367,826,365,828,365,838,331,838
367,204,371,204,373,202,373,132,395,132,395,136,397,138,413,138,414,136,414,132,419,132,419,136,420,138,425,138,425,142,420,142,419,144,419,160,414,160,413,162,413,214,408,214,407,216,407,244,402,244,401,246,401,280,397,280,395,282,395,292,391,292,391,288,389,286,385,286,385,282,383,280,379,280,377,282,377,292,373,292,373,288,371,286,367,286
