3,365,5,365,6,364,6,337,8,337,9,336,9,305,8,305,6,305,6,268,39,268,39,273,40,274,42,274,42,276,40,276,39,277,39,361,40,362,42,362,42,367,40,367,39,368,39,370,9,370,9,368,8,367,6,367,5,368,5,379,3,379
9,383,11,383,12,383,12,380,14,380,15,379,15,377,42,377,42,379,43,380,46,380,46,392,43,392,42,393,42,411,40,411,39,411,39,423,37,423,36,424,36,433,34,433,33,433,33,439,31,439,30,440,30,442,18,442,18,440,17,439,12,439,12,436,11,436,9,436
59,184,99,184,99,261,100,262,102,262,102,289,103,290,105,290,105,317,103,317,102,318,102,320,87,320,86,321,86,323,62,323,62,277,61,276,59,276,59,265,61,265,62,264,62,259,61,258,59,258,59,243,61,243,62,242,62,224,61,223,59,223
96,102,117,102,118,102,118,99,124,99,124,102,125,102,127,102,127,173,103,173,103,171,102,170,100,170,100,121,99,120,96,120
106,202,130,202,130,205,131,205,133,205,133,273,134,274,136,274,136,280,134,280,133,280,133,283,109,283,109,255,108,255,106,255
109,290,136,290,136,370,137,371,139,371,139,386,137,386,136,386,136,389,112,389,112,386,111,386,109,386
109,408,130,408,131,408,131,405,136,405,136,408,137,408,139,408,139,423,137,423,136,424,136,479,112,479,112,474,111,473,109,473
131,106,133,106,134,105,134,102,158,102,158,139,159,140,161,140,161,164,156,164,156,162,155,161,153,161,152,162,152,164,143,164,143,162,142,161,140,161,139,162,139,164,137,164,137,162,136,161,134,161,134,115,133,114,131,114
134,171,136,171,137,170,137,165,161,165,161,167,162,168,164,168,164,220,165,221,167,221,167,227,140,227,140,215,139,214,137,214,137,174,136,173,134,173
143,255,167,255,167,292,168,293,171,293,171,298,168,298,167,299,167,301,168,302,171,302,171,330,143,330
143,465,161,465,161,467,162,468,167,468,167,498,165,498,164,499,164,501,153,501,153,499,152,498,143,498
143,337,164,337,165,336,165,333,167,333,167,336,168,337,171,337,171,348,171,349,174,349,174,386,146,386,146,352,146,351,143,351
143,443,146,443,146,442,146,408,171,408,171,461,168,461,167,461,167,467,162,467,162,465,161,464,143,464
200,296,202,296,203,295,203,277,205,277,206,276,206,262,227,262,227,264,228,265,230,265,230,270,228,270,227,271,227,283,225,283,224,283,224,336,225,337,227,337,227,354,212,354,211,355,211,358,209,358,209,355,208,354,206,354,206,340,205,339,203,339,203,327,202,326,200,326
209,218,224,218,224,255,221,255,221,255,221,258,209,258
209,358,221,358,221,358,221,355,227,355,227,367,228,368,230,368,230,370,228,370,227,371,227,383,225,383,224,383,224,389,225,390,227,390,227,395,225,395,224,396,224,398,209,398
228,215,249,215,249,236,246,236,246,237,246,264,234,264,233,265,233,267,231,267,231,265,230,264,228,264
228,271,230,271,231,270,231,268,236,268,237,267,237,265,246,265,246,314,246,315,249,315,249,320,228,320
228,333,233,333,234,333,234,330,249,330,249,354,246,354,246,355,246,361,246,362,249,362,249,370,231,370,231,368,230,367,228,367
