200,292,203,292,204,291,204,279,207,279,208,277,208,270,212,270,213,268,213,256,230,256,230,259,231,261,247,261,247,268,248,270,252,270,252,273,248,273,247,274,247,282,244,282,243,283,243,291,240,291,238,292,238,313,235,313,234,315,234,340,200,340
200,355,203,355,204,354,204,351,238,351,238,390,240,391,243,391,243,408,240,408,238,409,238,412,226,412,225,414,225,417,208,417,208,405,207,403,204,403,204,387,203,385,200,385
217,432,225,432,226,430,226,427,238,427,240,426,240,423,252,423,252,426,253,427,256,427,256,439,257,441,261,441,261,453,262,454,265,454,265,462,266,463,270,463,270,480,262,480,261,481,261,484,253,484,252,486,252,489,240,489,240,486,238,484,235,484,235,477,234,475,231,475,231,472,230,471,226,471,226,459,225,457,222,457,222,450,221,448,217,448
248,274,252,274,253,273,253,265,265,265,265,268,266,270,274,270,274,273,275,274,287,274,287,277,288,279,310,279,310,282,311,283,314,283,314,286,315,288,341,288,341,291,342,292,350,292,350,295,351,297,354,297,354,300,355,301,358,301,358,304,360,306,363,306,363,318,360,318,358,319,358,327,355,327,354,328,354,331,346,331,345,333,345,336,333,336,333,333,332,331,324,331,324,328,323,327,320,327,320,324,318,322,306,322,306,319,305,318,297,318,297,315,296,313,284,313,284,310,283,309,275,309,275,306,274,304,266,304,266,301,265,300,262,300,262,297,261,295,253,295,253,288,252,286,248,286
271,522,274,522,275,520,275,517,278,517,280,516,280,513,283,513,284,511,284,508,287,508,288,507,288,504,296,504,296,507,297,508,301,508,301,511,302,513,305,513,305,516,306,517,310,517,310,520,311,522,318,522,318,525,320,526,323,526,323,529,324,531,327,531,327,534,328,535,332,535,332,538,333,540,341,540,341,543,342,544,350,544,350,547,351,549,354,549,354,552,355,553,358,553,358,561,355,561,354,562,354,565,351,565,350,567,350,570,342,570,341,571,341,579,337,579,336,580,336,583,328,583,328,580,327,579,320,579,320,576,318,574,311,574,311,571,310,570,306,570,306,567,305,565,302,565,302,562,301,561,297,561,297,558,296,556,293,556,293,553,292,552,288,552,288,549,287,547,284,547,284,544,283,543,280,543,280,540,278,538,275,538,275,531,274,529,271,529
275,157,278,157,280,156,280,153,283,153,284,151,284,148,287,148,288,147,288,144,292,144,293,142,293,139,296,139,297,138,297,135,301,135,302,133,302,130,305,130,306,129,306,126,310,126,311,124,311,121,314,121,315,120,315,117,318,117,320,115,320,112,323,112,324,111,324,108,332,108,333,106,333,103,336,103,337,102,337,99,358,99,360,97,360,94,381,94,382,93,382,90,403,90,404,88,404,85,416,85,416,88,417,90,421,90,421,102,422,103,425,103,425,111,422,111,421,112,421,115,413,115,412,117,412,120,400,120,398,121,398,124,391,124,390,126,390,129,373,129,372,130,372,133,364,133,363,135,363,138,355,138,354,139,354,142,346,142,345,144,345,147,342,147,341,148,341,151,337,151,336,153,336,156,333,156,332,157,332,160,324,160,323,162,323,165,320,165,318,166,318,169,311,169,310,171,310,174,306,174,305,175,305,178,297,178,296,180,296,183,293,183,293,180,292,178,288,178,288,175,287,174,284,174,284,171,283,169,280,169,280,166,278,165,275,165
346,585,350,585,351,583,351,571,354,571,355,570,355,562,358,562,360,561,360,558,372,558,372,561,373,562,376,562,376,565,377,567,385,567,385,570,386,571,394,571,394,574,395,576,407,576,407,579,408,580,412,580,412,592,408,592,407,594,407,606,404,606,403,607,403,610,377,610,377,607,376,606,368,606,368,603,367,601,360,601,360,598,358,597,351,597,351,589,350,588,346,588
355,333,358,333,360,331,360,328,363,328,364,327,364,319,367,319,368,318,368,315,372,315,372,318,373,319,381,319,381,322,382,324,385,324,385,327,386,328,398,328,398,331,400,333,412,333,412,336,413,337,425,337,425,340,426,342,430,342,430,345,426,345,425,346,425,354,422,354,421,355,421,358,417,358,416,360,416,363,413,363,412,364,412,367,395,367,395,364,394,363,382,363,382,360,381,358,377,358,377,355,376,354,368,354,368,351,367,349,364,349,364,346,363,345,360,345,360,342,358,340,355,340
413,598,416,598,417,597,417,589,421,589,422,588,422,585,434,585,434,588,435,589,456,589,456,592,457,594,461,594,461,619,457,619,456,621,456,624,440,624,440,621,438,619,417,619,417,616,416,615,413,615
448,85,452,85,453,84,453,81,514,81,514,84,515,85,532,85,532,111,528,111,527,112,527,115,515,115,515,112,514,111,488,111,488,108,487,106,453,106,453,103,452,102,448,102
493,594,523,594,524,592,524,589,541,589,542,588,542,585,554,585,555,583,555,580,563,580,564,579,564,576,572,576,573,574,573,571,581,571,582,570,582,567,590,567,590,570,591,571,594,571,594,583,595,585,598,585,598,597,595,597,594,598,594,601,582,601,581,603,581,606,573,606,572,607,572,610,564,610,563,612,563,615,555,615,554,616,554,619,542,619,541,621,541,624,506,624,506,621,505,619,497,619,497,612,496,610,493,610
533,112,536,112,537,111,537,94,541,94,542,93,542,90,545,90,545,93,546,94,558,94,558,97,560,99,572,99,572,102,573,103,581,103,581,106,582,108,594,108,594,111,595,112,603,112,603,115,604,117,607,117,607,120,608,121,616,121,616,124,617,126,621,126,621,129,622,130,630,130,630,133,631,135,634,135,634,138,635,139,638,139,638,142,640,144,643,144,643,147,644,148,647,148,647,151,648,153,652,153,652,156,653,157,656,157,656,160,657,162,661,162,661,165,662,166,665,166,665,169,662,169,661,171,661,174,657,174,656,175,656,178,653,178,652,180,652,183,635,183,635,180,634,178,631,178,631,175,630,174,626,174,626,171,625,169,622,169,622,166,621,165,617,165,617,162,616,160,613,160,613,157,612,156,608,156,608,153,607,151,604,151,604,148,603,147,595,147,595,144,594,142,586,142,586,139,585,138,582,138,582,135,581,133,573,133,573,130,572,129,560,129,560,126,558,124,542,124,542,121,541,120,537,120,537,117,536,115,533,115
600,567,603,567,604,565,604,562,607,562,608,561,608,558,616,558,617,556,617,553,621,553,622,552,622,549,625,549,626,547,626,544,634,544,635,543,635,540,638,540,640,538,640,535,643,535,644,534,644,531,647,531,648,529,648,526,652,526,653,525,653,517,656,517,657,516,657,513,661,513,662,511,662,504,665,504,666,502,666,499,670,499,671,498,671,486,687,486,687,489,688,490,696,490,696,493,697,495,701,495,701,502,697,502,696,504,696,507,693,507,692,508,692,516,688,516,687,517,687,525,684,525,683,526,683,534,680,534,678,535,678,543,675,543,674,544,674,547,671,547,670,549,670,552,666,552,665,553,665,556,662,556,661,558,661,561,653,561,652,562,652,565,644,565,643,567,643,570,640,570,638,571,638,574,631,574,630,576,630,579,622,579,621,580,621,583,617,583,616,585,616,588,608,588,608,580,607,579,604,579,604,576,603,574,600,574
657,184,661,184,662,183,662,180,678,180,678,183,680,184,683,184,683,187,684,189,687,189,687,192,688,193,692,193,692,196,693,198,696,198,696,201,697,202,701,202,701,210,702,211,705,211,705,219,706,220,710,220,710,228,711,229,714,229,714,237,702,237,701,238,701,241,688,241,688,238,687,237,684,237,684,229,683,228,680,228,680,220,678,219,675,219,675,216,674,214,671,214,671,207,670,205,666,205,666,202,665,201,662,201,662,198,661,196,657,196
688,468,692,468,693,466,693,459,696,459,697,457,697,441,701,441,702,439,702,436,718,436,718,439,720,441,727,441,727,457,724,457,723,459,723,466,720,466,718,468,718,475,715,475,714,477,714,484,711,484,710,486,710,489,706,489,706,486,705,484,697,484,697,481,696,480,693,480,693,477,692,475,688,475
702,270,714,270,715,268,715,265,723,265,723,268,724,270,727,270,727,282,728,283,732,283,732,295,733,297,736,297,736,304,737,306,741,306,741,318,742,319,745,319,745,381,737,381,737,378,736,376,715,376,715,319,714,318,711,318,711,306,710,304,706,304,706,288,705,286,702,286
706,414,710,414,711,412,711,391,714,391,715,390,715,387,732,387,732,390,733,391,741,391,741,412,737,412,736,414,736,430,733,430,732,432,732,435,728,435,728,432,727,430,711,430,711,427,710,426,706,426
