0,86,1,86,1,85,1,82,3,82,3,82,3,80,5,80,5,80,5,76,6,76,7,76,7,75,8,75,9,74,9,73,10,73,10,72,10,69,12,69,12,68,12,67,14,67,14,67,14,63,15,63,16,63,16,61,17,61,18,61,18,58,19,58,20,57,20,56,21,56,21,55,21,52,23,52,23,52,23,50,26,50,26,52,27,52,28,52,28,55,29,56,30,56,30,57,30,58,32,58,32,59,32,60,34,60,34,61,34,61,35,61,35,68,34,68,34,69,34,70,32,70,32,71,32,74,30,74,30,75,30,78,29,78,28,78,28,80,27,80,26,80,26,83,25,83,25,84,25,85,23,85,23,86,23,87,21,87,21,88,21,91,20,91,19,91,19,95,18,95,17,95,17,97,16,97,15,97,15,100,14,100,14,101,14,113,12,113,12,114,12,123,10,123,10,123,10,130,9,130,8,131,8,134,7,134,6,135,6,136,1,136,1,135,1,134,0,134
0,138,1,138,1,140,1,140,6,140,6,142,7,142,8,142,8,153,9,153,10,153,10,157,9,157,8,157,8,158,3,158,3,159,3,160,0,160
0,170,5,170,5,170,5,168,14,168,14,179,14,180,15,180,15,183,16,183,17,183,17,187,18,187,19,187,19,190,20,191,21,191,21,192,21,193,23,193,23,196,23,196,25,196,25,200,25,200,26,200,26,202,25,202,25,202,25,203,23,203,23,204,23,205,20,205,19,206,19,207,16,207,15,208,15,209,9,209,9,208,8,207,7,207,7,206,6,205,5,205,5,204,5,203,3,203,3,200,3,200,1,200,1,196,1,196,0,196
16,215,21,215,21,215,21,213,25,213,25,213,25,211,28,211,29,211,29,210,30,210,30,209,30,208,34,208,34,209,34,210,35,210,35,211,36,211,39,211,39,213,40,213,43,213,43,215,43,215,45,215,45,217,45,217,46,217,46,218,47,219,48,219,48,220,49,221,52,221,52,222,52,223,54,223,54,224,54,225,55,225,55,226,56,226,59,226,59,228,60,228,61,228,61,230,61,230,65,230,65,232,65,232,70,232,70,233,70,234,75,234,75,235,76,236,81,236,81,237,81,238,86,238,86,239,87,240,90,240,90,241,90,241,94,241,94,243,94,243,95,243,95,245,96,245,97,245,97,247,98,247,99,247,99,252,98,252,97,253,97,256,96,256,95,256,95,258,94,258,94,258,94,262,90,262,90,262,90,263,87,263,87,262,86,262,81,262,81,260,81,260,78,260,78,258,77,258,72,258,72,256,72,256,67,256,67,255,66,254,61,254,61,253,61,252,56,252,56,251,55,250,50,250,50,249,50,248,45,248,45,247,45,247,43,247,43,245,43,245,40,245,40,243,39,243,38,243,38,241,37,241,36,241,36,240,35,239,34,239,34,236,34,235,32,235,32,234,32,233,29,233,29,232,28,232,27,232,27,230,26,230,25,230,25,228,25,228,23,228,23,226,23,226,21,226,21,225,21,224,20,224,20,223,19,222,18,222,18,221,17,220,16,220
30,45,32,45,32,44,32,43,35,43,36,42,36,41,37,41,38,40,38,39,39,39,40,38,40,37,41,37,41,37,41,35,43,35,43,35,43,33,46,33,47,33,47,31,48,31,49,31,49,30,50,30,50,29,50,28,52,28,52,27,52,26,55,26,56,25,56,24,57,24,58,23,58,22,65,22,65,22,65,20,70,20,70,20,70,18,75,18,76,18,76,16,83,16,83,16,83,15,90,15,90,14,90,13,101,13,101,14,101,15,103,15,103,18,103,18,105,18,105,20,105,20,106,20,106,22,107,22,108,22,108,29,105,29,105,30,105,31,100,31,99,31,99,33,94,33,94,33,94,35,87,35,86,35,86,37,78,37,77,37,77,38,70,38,70,39,70,40,69,40,68,41,68,42,65,42,65,43,65,44,63,44,63,45,63,46,61,46,61,46,61,48,58,48,57,48,57,50,56,50,55,50,55,52,54,52,54,52,54,53,50,53,50,54,50,55,43,55,43,54,43,53,40,53,40,52,39,52,38,52,38,50,37,50,34,50,34,48,34,48,30,48
150,76,155,76,156,76,156,75,157,75,157,76,158,76,159,76,159,78,160,78,161,78,161,83,160,83,159,84,159,85,150,85
176,93,179,93,180,93,180,91,190,91,190,93,190,93,194,93,194,117,192,117,192,118,192,119,181,119,181,118,181,117,178,117,178,110,177,110,176,110,176,108,177,108,178,108,178,103,177,102,176,102
220,133,237,133,237,145,238,146,239,146,239,153,238,153,237,153,237,157,230,157,230,155,230,155,225,155,225,153,225,153,223,153,223,151,223,151,221,151,221,140,221,140,220,140
267,95,285,95,285,108,285,108,286,108,286,136,269,136,269,116,268,115,267,115
269,142,288,142,288,185,272,185,272,183,272,183,270,183,270,148,270,147,269,147
289,71,306,71,306,72,307,73,308,73,308,100,309,101,310,101,310,136,310,136,312,136,312,145,310,145,310,146,310,149,310,150,312,150,312,157,309,157,308,157,308,158,292,158,292,118,292,117,290,117,290,88,290,87,289,87
292,165,294,165,294,164,294,163,312,163,312,172,312,172,314,172,314,196,314,196,315,196,315,211,298,211,298,210,297,209,296,209,296,193,295,192,294,192,294,170,294,170,292,170
