22,968,25,968,25,972,26,973,43,973,43,985,44,986,48,986,48,998,49,1000,52,1000,52,1003,53,1004,57,1004,57,1007,58,1008,66,1008,66,1012,67,1013,79,1013,79,1030,58,1030,58,1026,57,1025,49,1025,49,1022,48,1021,44,1021,44,1017,43,1016,40,1016,40,1013,39,1012,35,1012,35,1008,34,1007,31,1007,31,1000,30,998,26,998,26,986,25,985,22,985
26,951,30,951,31,950,31,942,34,942,35,941,35,933,39,933,40,932,40,928,43,928,44,927,44,924,61,924,62,923,62,920,75,920,75,923,76,924,79,924,79,927,80,928,84,928,84,936,80,936,79,937,79,941,62,941,61,942,61,945,58,945,57,946,57,950,53,950,52,951,52,954,49,954,48,955,48,958,44,958,43,960,43,967,35,967,35,964,34,963,26,963
85,928,88,928,89,927,89,924,102,924,102,927,103,928,111,928,111,932,112,933,120,933,120,941,121,942,124,942,124,945,125,946,129,946,129,950,130,951,133,951,133,958,134,960,138,960,138,967,134,967,134,964,133,963,125,963,124,964,124,967,121,967,121,964,120,963,116,963,116,955,115,954,112,954,112,951,111,950,107,950,107,946,106,945,103,945,103,942,102,941,94,941,94,937,93,936,89,936,89,933,88,932,85,932
89,1022,93,1022,94,1021,94,1017,102,1017,103,1016,103,1013,106,1013,107,1012,107,1008,111,1008,112,1007,112,1004,115,1004,116,1003,116,1000,120,1000,121,998,121,986,124,986,125,985,125,982,124,981,121,981,121,973,124,973,125,972,125,968,138,968,138,1003,134,1003,133,1004,133,1012,130,1012,129,1013,129,1016,121,1016,120,1017,120,1021,116,1021,115,1022,115,1025,107,1025,106,1026,106,1030,89,1030
283,951,286,951,287,950,287,942,290,942,292,941,292,933,295,933,296,932,296,928,299,928,301,927,301,924,304,924,305,923,305,920,308,920,310,918,310,915,326,915,326,923,323,923,322,924,322,927,319,927,317,928,317,932,314,932,313,933,313,941,310,941,308,942,308,945,305,945,304,946,304,954,301,954,299,955,299,967,301,968,304,968,304,981,305,982,308,982,308,990,310,991,313,991,313,994,314,995,317,995,317,1003,319,1004,322,1004,322,1007,319,1007,317,1008,317,1012,305,1012,305,1008,304,1007,301,1007,301,1004,299,1003,296,1003,296,995,295,994,292,994,292,986,290,985,287,985,287,977,286,976,283,976
323,311,335,311,335,314,337,315,340,315,340,332,328,332,328,328,326,327,323,327
328,933,376,933,376,1007,372,1007,371,1008,371,1012,368,1012,368,1008,367,1007,332,1007,332,1000,331,998,328,998
386,746,389,746,390,745,390,711,407,711,407,718,404,718,403,720,403,763,399,763,399,760,398,758,386,758
485,977,488,977,489,976,489,964,493,964,494,963,494,955,497,955,498,954,498,951,511,951,511,963,507,963,506,964,506,972,503,972,502,973,502,994,485,994
485,1000,493,1000,494,998,494,995,497,995,497,998,498,1000,502,1000,502,1016,503,1017,506,1017,506,1030,494,1030,494,1022,493,1021,489,1021,489,1013,488,1012,485,1012
512,1004,515,1004,516,1003,516,942,529,942,530,941,530,937,542,937,542,967,539,967,538,968,538,976,539,977,542,977,542,1007,539,1007,538,1008,538,1030,534,1030,533,1031,533,1034,516,1034,516,1008,515,1007,512,1007
552,951,565,951,565,958,566,960,569,960,569,972,570,973,574,973,574,985,557,985,557,968,556,967,552,967
548,1022,551,1022,552,1021,552,1013,556,1013,557,1012,557,995,569,995,569,1016,566,1016,565,1017,565,1025,561,1025,560,1026,560,1030,548,1030
570,1200,574,1200,575,1198,575,1195,601,1195,601,1198,602,1200,605,1200,605,1207,606,1208,610,1208,610,1221,611,1222,614,1222,614,1243,615,1244,619,1244,619,1247,575,1247,575,1217,574,1216,570,1216
575,1248,583,1248,583,1252,584,1253,587,1253,588,1252,588,1248,619,1248,619,1256,620,1257,623,1257,623,1274,624,1275,628,1275,628,1278,575,1278
620,337,636,337,636,367,633,367,632,368,632,372,633,373,636,373,636,381,620,381
