53,251,55,251,56,250,56,245,58,245,59,244,59,232,61,232,62,232,62,223,64,223,65,223,65,214,67,214,68,214,68,205,71,205,71,205,71,190,74,190,75,189,75,178,77,178,78,177,78,169,80,169,81,168,81,163,83,163,84,162,84,160,86,160,87,159,87,154,89,154,90,153,90,148,92,148,93,147,93,142,96,142,96,141,96,139,99,139,100,138,100,133,102,133,103,132,103,127,105,127,106,126,106,121,108,121,109,120,109,114,111,114,112,114,112,111,114,111,115,111,115,105,117,105,118,105,118,102,121,102,121,102,121,96,124,96,125,96,125,93,127,93,128,93,128,90,130,90,131,90,131,84,133,84,134,83,134,81,136,81,137,80,137,78,142,78,142,80,143,81,146,81,146,83,146,84,149,84,149,86,150,87,152,87,152,90,153,90,155,90,155,93,156,93,161,93,161,96,162,96,164,96,164,99,165,99,174,99,174,102,175,102,180,102,180,105,181,105,183,105,183,108,184,108,192,108,192,111,193,111,202,111,202,114,200,114,199,114,199,120,196,120,196,121,196,123,193,123,192,124,192,129,190,129,189,130,189,135,187,135,186,136,186,138,184,138,183,139,183,141,181,141,180,142,180,144,178,144,177,145,177,150,175,150,174,151,174,153,171,153,171,154,171,159,168,159,167,160,167,162,165,162,164,163,164,168,162,168,161,169,161,174,159,174,158,175,158,180,156,180,155,181,155,183,153,183,152,184,152,189,150,189,149,190,149,195,146,195,146,196,146,201,143,201,142,202,142,211,140,211,139,211,139,220,137,220,136,220,136,229,134,229,133,229,133,241,131,241,130,242,130,253,128,253,127,254,127,265,125,265,124,266,124,274,121,274,121,275,121,289,118,289,117,290,117,295,109,295,109,293,108,292,103,292,103,290,102,289,96,289,96,287,96,286,87,286,87,284,86,283,78,283,78,281,77,280,56,280,56,275,55,274,53,274
46,402,52,402,53,401,53,399,96,399,96,398,96,396,121,396,121,404,121,405,124,405,124,413,125,414,127,414,127,419,128,420,130,420,130,428,131,429,133,429,133,437,134,438,136,438,136,444,137,444,139,444,139,453,140,453,142,453,142,459,143,459,146,459,146,465,146,465,149,465,149,471,150,472,152,472,152,477,153,478,155,478,155,483,156,484,158,484,158,489,159,490,161,490,161,495,162,496,164,496,164,498,165,499,167,499,167,504,168,505,171,505,171,507,171,508,174,508,174,513,175,514,177,514,177,519,178,520,180,520,180,522,181,523,183,523,183,525,184,526,186,526,186,528,187,529,189,529,189,531,190,532,192,532,192,537,193,538,196,538,196,540,196,541,199,541,199,543,200,544,202,544,202,549,203,550,205,550,205,552,206,553,208,553,208,556,209,556,211,556,211,559,212,559,214,559,214,568,209,568,208,568,208,571,203,571,202,571,202,574,200,574,199,574,199,577,196,577,196,577,196,580,193,580,192,580,192,583,187,583,186,583,186,586,184,586,183,587,183,589,181,589,180,590,180,592,178,592,177,593,177,595,165,595,165,593,164,592,159,592,159,590,158,589,156,589,156,587,155,586,153,586,153,583,152,583,150,583,150,580,149,580,146,580,146,577,146,577,140,577,140,574,139,574,137,574,137,571,136,571,134,571,134,568,133,568,131,568,131,565,130,565,128,565,128,562,127,562,125,562,125,559,124,559,121,559,121,556,121,556,118,556,118,553,117,552,115,552,115,550,114,549,112,549,112,547,111,546,109,546,109,541,108,540,106,540,106,538,105,537,103,537,103,535,102,534,100,534,100,532,99,531,96,531,96,526,96,525,93,525,93,523,92,522,90,522,90,517,89,516,87,516,87,511,86,510,84,510,84,505,83,504,81,504,81,496,80,495,78,495,78,490,77,489,75,489,75,481,74,480,71,480,71,469,71,468,68,468,68,459,67,459,65,459,65,447,64,447,62,447,62,438,61,437,59,437,59,426,58,425,56,425,56,417,55,416,53,416,53,411,52,410,50,410,50,405,49,404,46,404
153,293,155,293,156,292,156,242,167,242,168,241,168,239,174,239,174,241,175,242,177,242,177,407,168,407,167,408,167,410,162,410,162,408,161,407,156,407,156,317,155,316,153,316
184,390,202,390,202,392,203,393,205,393,205,441,206,441,208,441,208,498,193,498,192,499,192,501,184,501
184,160,186,160,187,159,187,157,192,157,192,159,193,160,205,160,205,259,203,259,202,260,202,262,187,262,187,260,186,259,184,259,184,257,186,257,187,256,187,251,186,250,184,250,184,172,186,172,187,171,187,163,186,162,184,162
184,272,186,272,187,271,187,269,202,269,202,271,203,272,205,272,205,377,190,377,189,378,189,380,187,380,187,378,186,377,184,377,184,360,186,360,187,359,187,320,186,319,184,319,184,317,186,317,187,316,187,311,186,310,184,310
212,257,230,257,230,326,215,326,215,314,214,313,212,313
212,335,230,335,230,377,231,378,233,378,233,383,231,383,230,384,230,389,215,389,215,387,214,386,212,386
250,220,261,220,262,220,262,217,264,217,264,223,265,223,267,223,267,232,268,232,271,232,271,235,265,235,264,236,264,244,250,244
246,169,249,169,250,168,250,130,261,130,261,132,262,133,264,133,264,135,265,136,267,136,267,141,265,141,264,142,264,171,265,172,267,172,267,205,265,205,264,205,264,211,250,211,250,172,249,171,246,171
253,453,255,453,256,453,256,450,258,450,259,450,259,447,267,447,267,453,268,453,271,453,271,468,268,468,267,469,267,471,253,471
253,478,267,478,267,480,268,481,271,481,271,519,268,519,267,520,267,534,256,534,256,532,255,531,253,531
265,142,267,142,268,141,268,136,280,136,280,138,281,139,283,139,283,232,281,232,280,232,280,235,271,235,271,232,271,232,268,232,268,223,267,223,265,223,265,205,267,205,268,205,268,172,267,171,265,171
471,293,474,293,475,292,475,287,480,287,481,286,481,284,489,284,489,286,490,287,492,287,492,383,478,383,478,369,477,368,475,368,475,338,474,338,471,338,471,305,474,305,475,304,475,299,474,298,471,298
