328,1116,337,1116,340,1113,340,1032,349,1032,352,1029,352,996,361,996,364,993,364,972,373,972,376,969,376,948,385,948,388,945,388,924,397,924,400,921,400,912,410,912,413,909,413,888,422,888,425,885,425,876,434,876,437,873,437,852,446,852,449,849,449,828,470,828,470,837,473,840,495,840,495,849,498,852,507,852,507,885,498,885,495,888,495,909,486,909,482,912,482,921,473,921,470,924,470,933,461,933,458,936,458,957,449,957,446,960,446,981,437,981,434,984,434,1005,425,1005,422,1008,422,1041,413,1041,410,1044,410,1101,400,1101,397,1104,397,1173,388,1173,385,1176,385,1197,328,1197
328,1260,337,1260,337,1269,340,1272,361,1272,364,1269,364,1260,373,1260,373,1269,376,1272,385,1272,385,1317,388,1320,397,1320,397,1413,400,1416,410,1416,410,1473,413,1476,422,1476,422,1497,425,1500,434,1500,434,1521,437,1524,446,1524,446,1545,449,1548,458,1548,458,1557,461,1560,470,1560,470,1581,473,1584,482,1584,482,1605,486,1608,495,1608,495,1629,498,1632,507,1632,507,1653,510,1656,519,1656,519,1665,510,1665,507,1668,507,1677,498,1677,495,1680,495,1689,486,1689,482,1692,482,1701,461,1701,461,1680,458,1677,449,1677,449,1656,446,1653,437,1653,437,1632,434,1629,425,1629,425,1608,422,1605,413,1605,413,1596,410,1593,400,1593,400,1572,397,1569,388,1569,388,1548,385,1545,376,1545,376,1536,373,1533,364,1533,364,1512,361,1509,352,1509,352,1476,349,1473,340,1473,340,1380,337,1377,328,1377
449,1152,458,1152,461,1149,461,996,470,996,473,993,473,960,482,960,486,957,486,936,531,936,531,945,534,948,604,948,607,945,607,936,616,936,616,1173,619,1176,628,1176,628,1509,619,1509,616,1512,616,1533,607,1533,604,1536,604,1545,473,1545,473,1488,470,1485,461,1485,461,1356,458,1353,449,1353
607,1536,616,1536,619,1533,619,1512,628,1512,631,1509,631,888,628,885,619,885,619,804,713,804,713,813,716,816,774,816,774,825,777,828,811,828,811,849,814,852,823,852,823,873,814,873,811,876,811,921,814,924,823,924,823,945,814,945,811,948,811,1005,814,1008,823,1008,823,1569,826,1572,835,1572,835,1701,607,1701,607,1668,616,1668,619,1665,619,1560,616,1557,607,1557
814,948,823,948,826,945,826,936,835,936,838,933,838,876,968,876,968,969,972,972,981,972,981,1137,984,1140,993,1140,993,1161,984,1161,981,1164,981,1173,838,1173,838,1092,835,1089,826,1089,826,1008,823,1005,814,1005
826,1308,835,1308,838,1305,838,1296,956,1296,956,1305,959,1308,968,1308,968,1629,959,1629,956,1632,956,1641,850,1641,850,1620,847,1617,838,1617,838,1572,835,1569,826,1569,826,1548,835,1548,838,1545,838,1488,835,1485,826,1485,826,1440,835,1440,838,1437,838,1428,835,1425,826,1425,826,1404,835,1404,838,1401,838,1368,835,1365,826,1365
984,888,993,888,996,885,996,876,1029,876,1029,885,1032,888,1078,888,1078,897,1081,900,1090,900,1090,909,1081,909,1078,912,1078,957,1081,960,1090,960,1090,1125,1081,1125,1078,1128,1078,1149,1032,1149,1029,1152,1029,1161,996,1161,996,1140,993,1137,984,1137,984,1128,993,1128,996,1125,996,1092,993,1089,984,1089
984,1200,1029,1200,1029,1209,1032,1212,1054,1212,1057,1209,1057,1200,1078,1200,1078,1461,1081,1464,1090,1464,1090,1617,1081,1617,1078,1620,1078,1629,1008,1629,1008,1620,1005,1617,996,1617,996,1452,993,1449,984,1449
1093,1176,1102,1176,1105,1173,1105,1128,1163,1128,1163,1137,1166,1140,1175,1140,1175,1149,1166,1149,1163,1152,1163,1341,1154,1341,1154,1332,1151,1329,1129,1329,1126,1332,1126,1341,1093,1341
1154,972,1236,972,1236,981,1239,984,1248,984,1251,981,1251,972,1260,972,1260,1365,1251,1365,1248,1368,1248,1377,1190,1377,1190,1212,1187,1209,1178,1209,1178,1140,1175,1137,1166,1137,1166,1020,1163,1017,1154,1017
1166,1500,1175,1500,1178,1497,1178,1428,1187,1428,1190,1425,1190,1416,1260,1416,1260,1437,1263,1440,1272,1440,1272,1509,1263,1509,1260,1512,1260,1521,1166,1521
1251,744,1272,744,1275,741,1275,732,1345,732,1345,741,1348,744,1357,744,1357,957,1360,960,1369,960,1369,1053,1360,1053,1357,1056,1357,1185,1348,1185,1345,1188,1345,1221,1348,1224,1357,1224,1357,1293,1336,1293,1333,1296,1333,1305,1287,1305,1287,960,1284,957,1275,957,1275,852,1272,849,1263,849,1263,780,1260,777,1251,777
1275,1356,1321,1356,1324,1353,1324,1344,1357,1344,1357,1713,1360,1716,1369,1716,1369,1725,1360,1725,1357,1728,1357,1749,1287,1749,1287,1440,1284,1437,1275,1437
1372,1092,1454,1092,1454,1197,1458,1200,1467,1200,1467,1341,1385,1341,1385,1128,1382,1125,1372,1125
1372,1404,1454,1404,1454,1425,1458,1428,1467,1428,1467,1593,1458,1593,1454,1596,1454,1641,1397,1641,1397,1632,1394,1629,1385,1629,1385,1440,1382,1437,1372,1437
1385,828,1430,828,1430,837,1433,840,1442,840,1442,849,1445,852,1454,852,1454,1041,1385,1041
